 # iloop
           1
 # kfix
           0           0           0           1           1           1           1           0           0           0           0           1           0           0           1
 # fac
   6.9517784227236081E-310
 # chi2
   534003.00405019335        50722.003977256034     
 # a
1697.50000  0.30000 25.00000  0.00010  0.44000  0.72000  0.26000  0.00000  0.00000  1.00000  0.00000  0.00000  1.00000  0.00000  0.00000
 # da
  -0.80059 -0.08743  1.00656  0.00000 -0.00000  0.00000  0.00000  0.27813  0.89756  0.12437  0.17609  0.00000  1.66253  0.05011  0.00000
 # s
   0.03712  0.01269  0.57672  0.00000  0.00000  0.00000  0.00000  0.65884  0.29927  0.05314  0.05347  0.00000  0.07307  0.13203  0.00000
 # b
   1043.3459145666809       -1307.3313609617896        15.704879519401267       0.11329915725808178       -1.2423153090774168E-006   0.0000000000000000        0.0000000000000000       -100.54295600411271        217.98245830205764        918.10264574821190        401.54351006655054        602.31526509983416        8.6782901616072188      -0.19509715945855999      -0.29264573918788428       -1307.3313609617896        1131036.4324400385       -7825.0946701914154       -95.460816407349967        1.0467194682634766E-003   0.0000000000000000        0.0000000000000000       -1575.9556590278503        17.270473450678615       -612252.53311570699       -260324.38466644249       -390486.57699966454       -26601.846205668218       -9416.4043358211220       -14124.606503731684        15.704879519401267       -7825.0946701914154        312.92844558135909       0.79658732820765243       -8.7345100952094813E-006   0.0000000000000000        0.0000000000000000        60.572904338013664       -70.515771156988635        20953.856467593279        15502.762474143192        23254.143711214798        199.21520204405542        84.898505857802789        127.34775878670416       0.11329915725808178       -95.460816407349967       0.79658732820765243        10000000272564224.       -8.9167689798836089E-008   0.0000000000000000        0.0000000000000000       0.15861240692307288       -5.1709228791270254E-002   63.604701525611652        32.356784711122302        48.535177066683474        2.2498107818653659       0.80290509569152413        1.2043576435372874       -1.2423153090774168E-006   1.0467194682634766E-003  -8.7345100952094813E-006  -8.9167689798836089E-008   10000000272564224.        0.0000000000000000        0.0000000000000000       -1.7391711121142906E-006   5.6698715244326707E-007  -6.9741996628073090E-004  -3.5478930269167483E-004  -5.3218395403751304E-004  -2.4668977638308092E-005  -8.8037838608256477E-006  -1.3205675791238477E-005   0.0000000000000000        0.0000000000000000        0.0000000000000000        0.0000000000000000        0.0000000000000000        10000000272564224.        0.0000000000000000        0.0000000000000000        0.0000000000000000        0.0000000000000000        0.0000000000000000        0.0000000000000000        0.0000000000000000        0.0000000000000000        0.0000000000000000        0.0000000000000000        0.0000000000000000        0.0000000000000000        0.0000000000000000        0.0000000000000000        0.0000000000000000        10000000272564224.        0.0000000000000000        0.0000000000000000        0.0000000000000000        0.0000000000000000        0.0000000000000000        0.0000000000000000        0.0000000000000000        0.0000000000000000       -100.54295600411271       -1575.9556590278503        60.572904338013664       0.15861240692307288       -1.7391711121142906E-006   0.0000000000000000        0.0000000000000000        45.919830291060769       -83.277925537336102        3590.2345857920300        2516.1117297730589        3774.1675946595974        42.809923593378919        18.450713381631715        27.676070072447569        217.98245830205764        17.270473450678615       -70.515771156988635       -5.1709228791270254E-002   5.6698715244326707E-007   0.0000000000000000        0.0000000000000000       -83.277925537336102        221.27697138192701       -15381.649696850038       -14729.872089596663       -22094.808134394996        4.8714885482408787        1.3237270115954733        1.9855905173932307        918.10264574821190       -612252.53311570699        20953.856467593279        63.604701525611652       -6.9741996628073090E-004   0.0000000000000000        0.0000000000000000        3590.2345857920300       -15381.649696850038        5918091.0690094400        5547386.2634724146        8321079.3952086121        0.0000000000000000        0.0000000000000000        0.0000000000000000        401.54351006655054       -260324.38466644249        15502.762474143192        32.356784711122302       -3.5478930269167483E-004   0.0000000000000000        0.0000000000000000        2516.1117297730589       -14729.872089596663        5547386.2634724146        5327598.5955488477        7991397.8933232576        0.0000000000000000        0.0000000000000000        0.0000000000000000        602.31526509983416       -390486.57699966454        23254.143711214798        48.535177066683474       -5.3218395403751304E-004   0.0000000000000000        0.0000000000000000        3774.1675946595974       -22094.808134394996        8321079.3952086121        7991397.8933232576        10000000284551320.        0.0000000000000000        0.0000000000000000        0.0000000000000000        8.6782901616072188       -26601.846205668218        199.21520204405542        2.2498107818653659       -2.4668977638308092E-005   0.0000000000000000        0.0000000000000000        42.809923593378919        4.8714885482408787        0.0000000000000000        0.0000000000000000        0.0000000000000000        14713.857366180264        5672.7000948111063        8509.0501422166581      -0.19509715945855999       -9416.4043358211220        84.898505857802789       0.80290509569152413       -8.8037838608256477E-006   0.0000000000000000        0.0000000000000000        18.450713381631715        1.3237270115954733        0.0000000000000000        0.0000000000000000        0.0000000000000000        5672.7000948111063        2265.3586142976283        3398.0379214464419      -0.29264573918788428       -14124.606503731684        127.34775878670416        1.2043576435372874       -1.3205675791238477E-005   0.0000000000000000        0.0000000000000000        27.676070072447569        1.9855905173932307        0.0000000000000000        0.0000000000000000        0.0000000000000000        8509.0501422166581        3398.0379214464419        10000000272569322.     
 # c
   1.3780353370809360E-003  -1.1843325420260759E-005  -2.2750969855334544E-004   2.0220294241726177E-023  -2.2171375054007164E-028   0.0000000000000000        0.0000000000000000        4.2839361165101968E-003   4.5517611988866062E-005  -5.4916745629332549E-005   5.5264409098572846E-005   2.5620215580959252E-029  -7.2729958709469167E-005   1.0662146612738868E-004   1.2348336153549373E-033  -1.1843325420261767E-005   1.6105311493328487E-004  -7.1836469678914442E-003   8.1069682989354087E-021  -8.8892195420778586E-026   0.0000000000000000        0.0000000000000000       -6.0809521577896231E-003  -2.8792619193269645E-003   6.7178946668819644E-004  -6.7581842331290872E-004  -3.5733445067905883E-028   7.3617637093251719E-004  -8.5358612164776655E-004   7.1100500825950676E-032  -2.2750969855329971E-004  -7.1836469678914503E-003  0.33260780225295483       -5.4021988112923695E-020   5.9234635530084288E-025   0.0000000000000000        0.0000000000000000       0.25212134222937388       0.12306229731479378       -3.0246267198343918E-002   3.0396382878355162E-002   1.6056146333963598E-026  -3.2613519596691974E-002   3.7217031059167162E-002  -3.1633613496702644E-030   2.0220294241729968E-023   8.1069682989354553E-021  -5.4021988112926102E-020   9.9999997274357837E-017   4.0803300630943518E-047   0.0000000000000000        0.0000000000000000        4.4718610611083680E-020   2.1225375727423034E-020  -5.5247810245280846E-023   4.1079685399803743E-023   4.9517523869820237E-046  -5.6585430292675409E-023   4.5105169515497781E-023  -9.0964823123183189E-048  -2.2171375054033930E-028  -8.8892195420775957E-026   5.9234635530071946E-025   4.0803300577415629E-047   9.9999997274357837E-017   0.0000000000000000        0.0000000000000000       -4.9033563802623569E-025  -2.3273438077418904E-025   6.0578738651008173E-028  -4.5043514186003089E-028   5.1633329837879667E-052   6.2045427278503111E-028  -4.9457422145856238E-028   3.9820792484307974E-053   0.0000000000000000        0.0000000000000000        0.0000000000000000        0.0000000000000000        0.0000000000000000        9.9999997274357837E-017   0.0000000000000000        0.0000000000000000        0.0000000000000000        0.0000000000000000        0.0000000000000000        0.0000000000000000        0.0000000000000000        0.0000000000000000        0.0000000000000000        0.0000000000000000        0.0000000000000000        0.0000000000000000        0.0000000000000000        0.0000000000000000        0.0000000000000000        9.9999997274357837E-017   0.0000000000000000        0.0000000000000000        0.0000000000000000        0.0000000000000000        0.0000000000000000        0.0000000000000000        0.0000000000000000        0.0000000000000000        4.2839361165102324E-003  -6.0809521577895650E-003  0.25212134222937094        4.4718610611083873E-020  -4.9033563802611079E-025   0.0000000000000000        0.0000000000000000       0.43407098950175066       0.18738399271197864       -2.6104412479759274E-002   2.6463313670331834E-002   1.4076963239550759E-026  -2.7245233349940688E-002   2.9855087394256498E-002  -2.8343337224779860E-030   4.5517611988883525E-005  -2.8792619193269428E-003  0.12306229731479264        2.1225375727423557E-020  -2.3273438077414266E-025   0.0000000000000000        0.0000000000000000       0.18738399271197892        8.9565277861428469E-002  -1.2353799539164075E-002   1.2523792242154292E-002   6.6760051086147417E-027  -1.2891217192418522E-002   1.4122262920358324E-002  -1.3526067435867911E-030  -5.4916745629336771E-005   6.7178946668819634E-004  -3.0246267198343890E-002  -5.5247810245574049E-023   6.0578738649865324E-028   0.0000000000000000        0.0000000000000000       -2.6104412479759528E-002  -1.2353799539164169E-002   2.8237606030949293E-003  -2.8412375390057028E-003  -1.5027933603165847E-027   3.0595757994289533E-003  -3.5157190392436336E-003   2.9728076209946729E-031   5.5264409098577088E-005  -6.7581842331290839E-004   3.0396382878355128E-002   4.1079685400131013E-023  -4.5043514184873145E-028   0.0000000000000000        0.0000000000000000        2.6463313670332066E-002   1.2523792242154379E-002  -2.8412375390057020E-003   2.8592899625815515E-003  -1.4999999591002407E-016  -3.0776923005892765E-003   3.5356892359672699E-003  -2.9926689737496906E-031   2.5243548967072378E-029  -2.0194839173657902E-028   9.6935228033557931E-027   4.3790577010150533E-046  -4.1761948595190557E-053   0.0000000000000000        0.0000000000000000        1.6155871338926322E-026   4.8467614016778965E-027  -1.2116903504194741E-027  -1.4999999591029704E-016   9.9999997274357849E-017  -1.2116903504194741E-027   1.6155871338926322E-027  -1.6313261169996311E-055  -7.2729958709473694E-005   7.3617637093251729E-004  -3.2613519596691939E-002  -5.6585430292800846E-023   6.2045427277084584E-028   0.0000000000000000        0.0000000000000000       -2.7245233349940945E-002  -1.2891217192418623E-002   3.0595757994289537E-003  -3.0776923005892774E-003  -1.6272591837720964E-027   5.3394916951363097E-003  -8.8589140846500117E-003   3.2434674194159462E-031   1.0662146612739383E-004  -8.5358612164776731E-004   3.7217031059167134E-002   4.5105169515744576E-023  -4.9457422144219700E-028   0.0000000000000000        0.0000000000000000        2.9855087394256824E-002   1.4122262920358456E-002  -3.5157190392436366E-003   3.5356892359672716E-003   1.8692151305154609E-027  -8.8589140846500151E-003   1.7430820556440310E-002  -1.4999999591153708E-016   0.0000000000000000        4.9303806576313238E-032   0.0000000000000000       -9.3840768971336989E-048   7.8956184062782147E-053   0.0000000000000000        0.0000000000000000       -4.7331654313260708E-030  -7.8886090522101181E-031   3.9443045261050590E-031   0.0000000000000000       -4.8939783509988934E-055   1.1832913578315177E-030  -1.4999999591153792E-016   9.9999997274357824E-017
 # d
  -338.19706143148795       -272818.16621481627        6611.4462481837863        26.443322921020020       -2.8994871350040421E-004   0.0000000000000000        0.0000000000000000        1178.9447593427758       -4570.2048537591954        1773952.8246026312        1653591.4722234097        2480387.2083351146        27282.067661871239        10459.734371788345        15689.601557682523     
 # da
 -0.80059396356523860       -8.7425899762649806E-002   1.0065631395927426        1.7150477701630951E-022  -1.8805347807609966E-027   0.0000000000000000        0.0000000000000000       0.27813238503881621       0.89755905428651772       0.12436633649750917       0.17609478962325653        3.8550727671504588E-025   1.6625307204253801        5.0114277628216422E-002   8.0779356694631609E-028
