 # iloop
           3
 # kfix
           0           0           0           1           1           1           1           0           0           0           0           1           0           0           1
 # fac
   1.0000000000000000E-002
 # chi2
   512380.66401973256        48684.314685147830     
 # a
8645.09649  0.29811 25.02561  0.00010  0.44000  0.72000  0.26000  0.01134  0.01918  1.00188  0.00410  0.00000  1.03268  0.00094  0.00000
 # da
  -0.15136 -0.09062  1.20739  0.00000 -0.00000  0.00000  0.00000  0.54705  0.92804  0.09764  0.19691  0.00000  1.59112  0.08078  0.00000
 # s
   0.03656  0.01250  0.63455  0.00000  0.00000  0.00000  0.00000  0.41944  0.30639  0.05268  0.05300  0.00000  0.07393  0.13261  0.00000
 # b
   1067.0295112293418       -238.89375300243637        2.2779790942477720        2.0416262431673562E-002  -2.2386252454849149E-007   0.0000000000000000        0.0000000000000000       -107.16086975551201        131.76682914238117        136.17623156493192        49.755724649131402        74.633586973697632        1.2218583881653178      -0.28570306656689470      -0.42855459985036259       -238.89375300243637        1157159.9143310494       -7957.0043711687558       -98.166923859127692        1.0763916988140887E-003   0.0000000000000000        0.0000000000000000       -947.96910035247731        65.218441567747192       -618618.85357076989       -261755.56644149870       -392633.34966224805       -27801.885074541089       -9798.4570374752020       -14697.685556212797        2.2779790942477720       -7957.0043711687558        316.83353576271344       0.81305909628132966       -8.9151215855393714E-006   0.0000000000000000        0.0000000000000000        36.107623915681557       -74.047602608939840        21063.306295129867        15549.456130581300        23324.184195871971        208.56626205504043        88.559414460413024        132.83912169061952        2.0416262431673562E-002  -98.166923859127692       0.81305909628132966        10000000272564224.       -9.2150274546178083E-008   0.0000000000000000        0.0000000000000000        9.5678495074579456E-002  -5.7840122383034487E-002   64.469192629319949        32.625838592822674        48.938757889233869        2.3640944155408605       0.84004265590392579        1.2600639838558885       -2.2386252454849149E-007   1.0763916988140887E-003  -8.9151215855393714E-006  -9.2150274546178083E-008   10000000272564224.        0.0000000000000000        0.0000000000000000       -1.0491062957324820E-006   6.3421186224427482E-007  -7.0689903531080342E-004  -3.5773945487543429E-004  -5.3660918231315064E-004  -2.5922087644842898E-005  -9.2109939470274021E-006  -1.3816490920541092E-005   0.0000000000000000        0.0000000000000000        0.0000000000000000        0.0000000000000000        0.0000000000000000        10000000272564224.        0.0000000000000000        0.0000000000000000        0.0000000000000000        0.0000000000000000        0.0000000000000000        0.0000000000000000        0.0000000000000000        0.0000000000000000        0.0000000000000000        0.0000000000000000        0.0000000000000000        0.0000000000000000        0.0000000000000000        0.0000000000000000        0.0000000000000000        10000000272564224.        0.0000000000000000        0.0000000000000000        0.0000000000000000        0.0000000000000000        0.0000000000000000        0.0000000000000000        0.0000000000000000        0.0000000000000000       -107.16086975551201       -947.96910035247731        36.107623915681557        9.5678495074579456E-002  -1.0491062957324820E-006   0.0000000000000000        0.0000000000000000        40.387785826637248       -51.117771205378361        2090.0742632363854        1448.1094963620694        2172.1642445431007        25.561168424816994        10.891669036929208        16.337503555393805        131.76682914238117        65.218441567747192       -74.047602608939840       -5.7840122383034487E-002   6.3421186224427482E-007   0.0000000000000000        0.0000000000000000       -51.117771205378361        127.51728207122611       -15775.534183855267       -15070.992664516623       -22606.488996774944        8.4127607880692903        3.2031832395250577        4.8047748592875852        136.17623156493192       -618618.85357076989        21063.306295129867        64.469192629319949       -7.0689903531080342E-004   0.0000000000000000        0.0000000000000000        2090.0742632363854       -15775.534183855267        5922101.9542223588        5549155.5051807249        8323733.2577710804        0.0000000000000000        0.0000000000000000        0.0000000000000000        49.755724649131402       -261755.56644149870        15549.456130581300        32.625838592822674       -3.5773945487543429E-004   0.0000000000000000        0.0000000000000000        1448.1094963620694       -15070.992664516623        5549155.5051807249        5328635.1701873699        7992952.7552810414        0.0000000000000000        0.0000000000000000        0.0000000000000000        74.633586973697632       -392633.34966224805        23324.184195871971        48.938757889233869       -5.3660918231315064E-004   0.0000000000000000        0.0000000000000000        2172.1642445431007       -22606.488996774944        8323733.2577710804        7992952.7552810414        10000000284553654.        0.0000000000000000        0.0000000000000000        0.0000000000000000        1.2218583881653178       -27801.885074541089        208.56626205504043        2.3640944155408605       -2.5922087644842898E-005   0.0000000000000000        0.0000000000000000        25.561168424816994        8.4127607880692903        0.0000000000000000        0.0000000000000000        0.0000000000000000        14833.710958566684        5697.7364945170775        8546.6047417756126      -0.28570306656689470       -9798.4570374752020        88.559414460413024       0.84004265590392579       -9.2109939470274021E-006   0.0000000000000000        0.0000000000000000        10.891669036929208        3.2031832395250577        0.0000000000000000        0.0000000000000000        0.0000000000000000        5697.7364945170775        2267.3093057151677        3400.9639585727541      -0.42855459985036259       -14697.685556212797        132.83912169061952        1.2600639838558885       -1.3816490920541092E-005   0.0000000000000000        0.0000000000000000        16.337503555393805        4.8047748592875852        0.0000000000000000        0.0000000000000000        0.0000000000000000        8546.6047417756126        3400.9639585727541        10000000272569326.     
 # c
   1.3364024595307218E-003   1.4133961896751436E-006  -5.3129115007320704E-004  -2.0838901326148906E-023   2.2849672290951456E-028   0.0000000000000000        0.0000000000000000        3.7622593348572834E-003  -1.6485309702586902E-004   5.3092356122212729E-006  -5.4103306594663467E-006  -1.1120590673804816E-030   2.5977643027565345E-006   2.6600446461552623E-006   3.5159019709719544E-033   1.4133961896751436E-006   1.5627507007411054E-004  -7.8233683105613065E-003   8.1490771486370071E-021  -8.9353915259390921E-026   0.0000000000000000        0.0000000000000000       -3.5334250976459115E-003  -2.9039578355775121E-003   6.5596769242539906E-004  -6.5986137887857964E-004  -3.6542889913107813E-028   7.4121612629661677E-004  -8.6065870314022490E-004   3.2701513359626534E-031  -5.3129115007320726E-004  -7.8233683105613083E-003  0.40265469136885917       -4.7960831579154815E-020   5.2588630620492563E-025   0.0000000000000000        0.0000000000000000       0.17876345461100576       0.15068382124945370       -3.3217118415496162E-002   3.3410092887963566E-002   1.8490000416823082E-026  -3.6803221581767451E-002   4.1877570228476234E-002  -1.5968799054318648E-029  -2.0838901326136466E-023   8.1490771486375112E-021  -4.7960831579180333E-020   9.9999997274357837E-017   4.0539082307596902E-047   0.0000000000000000        0.0000000000000000        2.6600440177219418E-020   2.1961240619399601E-020  -6.7020441647320700E-023   5.2661255304104052E-023   1.6462729065152579E-045  -7.0756407211214486E-023   5.9356056069561256E-023  -1.3755763977043623E-048   2.2849672290963137E-028  -8.9353915259392379E-026   5.2588630620501526E-025   4.0539082394261102E-047   9.9999997274357837E-017   0.0000000000000000        0.0000000000000000       -2.9167149041738033E-025  -2.4080307469348907E-025   7.3487325696074110E-028  -5.7742603977523229E-028  -9.0627203782572080E-051   7.7583779129624700E-028  -6.5083394228433803E-028  -5.6650952118799683E-053   0.0000000000000000        0.0000000000000000        0.0000000000000000        0.0000000000000000        0.0000000000000000        9.9999997274357837E-017   0.0000000000000000        0.0000000000000000        0.0000000000000000        0.0000000000000000        0.0000000000000000        0.0000000000000000        0.0000000000000000        0.0000000000000000        0.0000000000000000        0.0000000000000000        0.0000000000000000        0.0000000000000000        0.0000000000000000        0.0000000000000000        0.0000000000000000        9.9999997274357837E-017   0.0000000000000000        0.0000000000000000        0.0000000000000000        0.0000000000000000        0.0000000000000000        0.0000000000000000        0.0000000000000000        0.0000000000000000        3.7622593348572830E-003  -3.5334250976458612E-003  0.17876345461100318        2.6600440177230902E-020  -2.9167149041743212E-025   0.0000000000000000        0.0000000000000000       0.17593285999406896       0.11323798127264514       -1.5260818964412408E-002   1.5469578663195429E-002   8.7268366416743751E-027  -1.6418814341359382E-002   1.8003246000201516E-002  -6.8623312288641469E-030  -1.6485309702586864E-004  -2.9039578355774709E-003  0.15068382124945157        2.1961240619409041E-020  -2.4080307469353600E-025   0.0000000000000000        0.0000000000000000       0.11323798127264514        9.3874355377659424E-002  -1.2540448884884939E-002   1.2711797136596398E-002   7.1544215032427841E-027  -1.3490064961203297E-002   1.4788438354682128E-002  -5.6566395213804686E-030   5.3092356122212822E-006   6.5596769242539873E-004  -3.3217118415496141E-002  -6.7020441649483222E-023   7.3487325696893922E-028   0.0000000000000000        0.0000000000000000       -1.5260818964412613E-002  -1.2540448884885107E-002   2.7748211654618710E-003  -2.7918219752435221E-003  -1.5465703858365265E-027   3.0997450122855238E-003  -3.5663346808182720E-003   1.3570646242037964E-030  -5.4103306594663476E-006  -6.5986137887857931E-004   3.3410092887963545E-002   5.2661255306336551E-023  -5.7742603978265455E-028   0.0000000000000000        0.0000000000000000        1.5469578663195632E-002   1.2711797136596564E-002  -2.7918219752435217E-003   2.8093875203370599E-003  -1.4999999590997994E-016  -3.1179113602017284E-003   3.5863772076075080E-003  -1.3646969940329516E-030  -1.5777218104420236E-030  -5.0487097934144756E-028   2.2618219874496850E-026   1.6093037051230321E-045  -9.8558198684649714E-051   0.0000000000000000        0.0000000000000000        1.2924697071141057E-026   9.6935228033557931E-027  -1.6155871338926322E-027  -1.4999999590948925E-016   9.9999997274357824E-017  -2.0194839173657902E-027   2.8272774843121063E-027  -9.7879567019977868E-055   2.5977643027565307E-006   7.4121612629661688E-004  -3.6803221581767451E-002  -7.0756407213542764E-023   7.7583779130413822E-028   0.0000000000000000        0.0000000000000000       -1.6418814341359621E-002  -1.3490064961203490E-002   3.0997450122855256E-003  -3.1179113602017305E-003  -1.7265511557858299E-027   5.4653506943311732E-003  -8.9957032984056169E-003   3.3269903587843744E-030   2.6600446461552877E-006  -8.6065870314022577E-004   4.1877570228476269E-002   5.9356056072346097E-023  -6.5083394229400587E-028   0.0000000000000000        0.0000000000000000        1.8003246000201797E-002   1.4788438354682357E-002  -3.5663346808182768E-003   3.5863772076075145E-003   1.9853327831116141E-027  -8.9957032984056204E-003   1.7584681426856485E-002  -1.4999999591154317E-016   2.8888949165808538E-033   4.4373425918681914E-031  -1.8932661725304283E-029  -1.1679981783102895E-048  -6.9983890419284176E-053   0.0000000000000000        0.0000000000000000       -7.8886090522101181E-030  -6.3108872417680944E-030   1.7749370367472766E-030  -1.7749370367472766E-030  -1.1419282818997418E-054   3.5498740734945531E-030  -1.4999999591154344E-016   9.9999997274357837E-017
 # d
  -48.428427574193634       -271861.02898858389        6511.6609885788685        26.421467337864549       -2.8970906895052430E-004   0.0000000000000000        0.0000000000000000        651.13820493651474       -4519.0926917590350        1738856.1681188678        1620339.9711061318        2430509.9566591992        26855.339884396541        10252.782444571354        15379.173666857036     
 # da
 -0.15135908172286264       -9.0620443152964469E-002   1.2073871410917150        7.8285319397705140E-022  -8.5839164391764021E-027   0.0000000000000000        0.0000000000000000       0.54705144992325927       0.92804396946809220        9.7638081092974005E-002  0.19690564431781610        5.0954537887405268E-025   1.5911223853703547        8.0776849706775067E-002   8.0779356694631609E-028
