 # iloop
           2
 # kfix
           0           0           0           1           1           1           1           0           0           0           0           1           0           0           1
 # fac
   1.0000000000000000E-002
 # chi2
   523374.68510787300        49711.789306099919     
 # a
1697.49199  0.29913 25.01007  0.00010  0.44000  0.72000  0.26000  0.00278  0.00898  1.00124  0.00176  0.00000  1.01663  0.00050  0.00000
 # da
  -0.78372 -0.08539  0.97324  0.00000 -0.00000  0.00000  0.00000  0.27923  0.88168  0.12528  0.17216  0.00000  1.63385  0.07083  0.00000
 # s
   0.03693  0.01260  0.57489  0.00000  0.00000  0.00000  0.00000  0.65694  0.29794  0.05294  0.05327  0.00000  0.07347  0.13214  0.00000
 # b
   1054.8810657584118       -1305.0451416580945        15.790719690144645       0.11338705104827658       -1.2432790567678244E-006   0.0000000000000000        0.0000000000000000       -101.31065933249464        219.50789434668687        917.92885817717138        403.14970179279317        604.72455268918634        8.8301700476028540      -0.17115206682685336      -0.25672810023989068       -1305.0451416580945        1145284.3876381819       -7890.2086108487574       -96.886843449150206        1.0623557295390260E-003   0.0000000000000000        0.0000000000000000       -1587.6744555129931        19.115760596811743       -615703.20507923758       -261121.85087014121       -391682.77630521165       -27201.992962484539       -9606.7680995342926       -14410.152149301442        15.790719690144645       -7890.2086108487574        314.79553103261350       0.80453810666129433       -8.8216896826934398E-006   0.0000000000000000        0.0000000000000000        60.760057375948030       -70.718748210988394        21002.438967543658        15523.115025513827        23284.672538270763        203.58289657195405        86.624890461303494        129.93733569195518       0.11338705104827658       -96.886843449150206       0.80453810666129433        10000000272564224.       -9.0700396165452976E-008   0.0000000000000000        0.0000000000000000       0.15999851429401038       -5.2016156756463386E-002   64.043503898715826        32.491396798019920        48.737095197029788        2.3062085486922159       0.82115976555708226        1.2317396483356240       -1.2432790567678244E-006   1.0623557295390260E-003  -8.8216896826934398E-006  -9.0700396165452976E-008   10000000272564224.        0.0000000000000000        0.0000000000000000       -1.7543696577046916E-006   5.7035259062631685E-007  -7.0223139576493590E-004  -3.5626531240248645E-004  -5.3439796860373079E-004  -2.5287374198550567E-005  -9.0039447127239428E-006  -1.3505917069085908E-005   0.0000000000000000        0.0000000000000000        0.0000000000000000        0.0000000000000000        0.0000000000000000        10000000272564224.        0.0000000000000000        0.0000000000000000        0.0000000000000000        0.0000000000000000        0.0000000000000000        0.0000000000000000        0.0000000000000000        0.0000000000000000        0.0000000000000000        0.0000000000000000        0.0000000000000000        0.0000000000000000        0.0000000000000000        0.0000000000000000        0.0000000000000000        10000000272564224.        0.0000000000000000        0.0000000000000000        0.0000000000000000        0.0000000000000000        0.0000000000000000        0.0000000000000000        0.0000000000000000        0.0000000000000000       -101.31065933249464       -1587.6744555129931        60.760057375948030       0.15999851429401038       -1.7543696577046916E-006   0.0000000000000000        0.0000000000000000        46.019778179272201       -83.451684722355310        3576.5520119407879        2498.7562368613003        3748.1343552919539        43.693658807177691        18.800083729922264        28.200125594883428        219.50789434668687        19.115760596811743       -70.718748210988394       -5.2016156756463386E-002   5.7035259062631685E-007   0.0000000000000000        0.0000000000000000       -83.451684722355310        221.73394890436606       -15335.267275619381       -14680.098082391805       -22020.147123587758        4.9115080511444287        1.3265935565310942        1.9898903347966388        917.92885817717138       -615703.20507923758        21002.438967543658        64.043503898715826       -7.0223139576493590E-004   0.0000000000000000        0.0000000000000000        3576.5520119407879       -15335.267275619381        5919315.7028011335        5547641.9584991531        8321462.9377487171        0.0000000000000000        0.0000000000000000        0.0000000000000000        403.14970179279317       -261121.85087014121        15523.115025513827        32.491396798019920       -3.5626531240248645E-004   0.0000000000000000        0.0000000000000000        2498.7562368613003       -14680.098082391805        5547641.9584991531        5327598.5955488477        7991397.8933232576        0.0000000000000000        0.0000000000000000        0.0000000000000000        604.72455268918634       -391682.77630521165        23284.672538270763        48.737095197029788       -5.3439796860373079E-004   0.0000000000000000        0.0000000000000000        3748.1343552919539       -22020.147123587758        8321462.9377487171        7991397.8933232576        10000000284551320.        0.0000000000000000        0.0000000000000000        0.0000000000000000        8.8301700476028540       -27201.992962484539        203.58289657195405        2.3062085486922159       -2.5287374198550567E-005   0.0000000000000000        0.0000000000000000        43.693658807177691        4.9115080511444287        0.0000000000000000        0.0000000000000000        0.0000000000000000        14764.714334191141        5681.8677403490174        8522.8016105235329      -0.17115206682685336       -9606.7680995342926        86.624890461303494       0.82115976555708226       -9.0039447127239428E-006   0.0000000000000000        0.0000000000000000        18.800083729922264        1.3265935565310942        0.0000000000000000        0.0000000000000000        0.0000000000000000        5681.8677403490174        2265.3586142976283        3398.0379214464419      -0.25672810023989068       -14410.152149301442        129.93733569195518        1.2317396483356240       -1.3505917069085908E-005   0.0000000000000000        0.0000000000000000        28.200125594883428        1.9898903347966388        0.0000000000000000        0.0000000000000000        0.0000000000000000        8522.8016105235329        3398.0379214464419        10000000272569322.     
 # c
   1.3636825195638229E-003  -1.2486795027366615E-005  -1.9214553967694960E-004   2.6907109717397074E-023  -2.9503409499000815E-028   0.0000000000000000        0.0000000000000000        4.3021835960988415E-003   6.5320447319294512E-005  -5.7753116315630448E-005   5.8145290474775282E-005   1.5053811213069363E-029  -7.6439903232695822E-005   1.1047857607865145E-004  -1.4771655318209322E-032  -1.2486795027367599E-005   1.5878435274116731E-004  -7.1103442823071909E-003   8.1261865209558088E-021  -8.9102921537211529E-026   0.0000000000000000        0.0000000000000000       -6.0237584839657032E-003  -2.8462815151712997E-003   6.6456540590222014E-004  -6.6853026997334660E-004  -1.6729859279942251E-028   7.3927120223932729E-004  -8.5729608038859575E-004  -5.0217786025230455E-031  -1.9214553967690409E-004  -7.1103442823072004E-003  0.33049467310628172       -5.3960104667836992E-020   5.9166780875025157E-025   0.0000000000000000        0.0000000000000000       0.25087131568116067       0.12218877485231840       -3.0039814153207264E-002   3.0188106677004767E-002   7.4677061647344905E-027  -3.2879592907253632E-002   3.7522745744293345E-002   2.2439041775779632E-029   2.6907109717383873E-023   8.1261865209557787E-021  -5.3960104667836125E-020   9.9999997274357837E-017   4.5057707909616515E-047   0.0000000000000000        0.0000000000000000        4.4755326296965668E-020   2.1239644452989489E-020  -6.1630844661547300E-023   4.7352781168867912E-023   1.0057935140303774E-045  -6.4098196530102654E-023   5.2673824493766759E-023  -2.7460607736986417E-048  -2.9503409498959830E-028  -8.9102921537215926E-026   5.9166780875046095E-025   4.5057707838245998E-047   9.9999997274357837E-017   0.0000000000000000        0.0000000000000000       -4.9073822230564923E-025  -2.3289083610082184E-025   6.7577679920284542E-028  -5.1921908694742992E-028   1.0036420642893267E-050   7.0283109575162590E-028  -5.7756385969203948E-028  -8.8597287140268575E-053   0.0000000000000000        0.0000000000000000        0.0000000000000000        0.0000000000000000        0.0000000000000000        9.9999997274357837E-017   0.0000000000000000        0.0000000000000000        0.0000000000000000        0.0000000000000000        0.0000000000000000        0.0000000000000000        0.0000000000000000        0.0000000000000000        0.0000000000000000        0.0000000000000000        0.0000000000000000        0.0000000000000000        0.0000000000000000        0.0000000000000000        0.0000000000000000        9.9999997274357837E-017   0.0000000000000000        0.0000000000000000        0.0000000000000000        0.0000000000000000        0.0000000000000000        0.0000000000000000        0.0000000000000000        0.0000000000000000        4.3021835960988771E-003  -6.0237584839656581E-003  0.25087131568115839        4.4755326296965091E-020  -4.9073822230585935E-025   0.0000000000000000        0.0000000000000000       0.43157263585405570       0.18597512726219526       -2.5945840372000650E-002   2.6300967461853210E-002   7.1930434595654124E-027  -2.7490284389503537E-002   3.0121513549229754E-002   1.7690362879505645E-029   6.5320447319311805E-005  -2.8462815151712824E-003  0.12218877485231751        2.1239644452990097E-020  -2.3289083610091363E-025   0.0000000000000000        0.0000000000000000       0.18597512726219539        8.8769677143011844E-002  -1.2253640590185765E-002   1.2421590612646839E-002   3.3974804180284875E-027  -1.2980349164408336E-002   1.4218664191534395E-002   8.5035601853139053E-030  -5.7753116315634602E-005   6.6456540590222003E-004  -3.0039814153207212E-002  -6.1630844661492405E-023   6.7577679922385037E-028   0.0000000000000000        0.0000000000000000       -2.5945840372000831E-002  -1.2253640590185832E-002   2.8028927108928211E-003  -2.8201505671885951E-003  -7.0722137806611659E-028   3.0828238637287293E-003  -3.5427708312262729E-003  -2.0908162778241270E-030   5.8145290474779449E-005  -6.6853026997334638E-004   3.0188106677004712E-002   4.7352781168719705E-023  -5.1921908696677807E-028   0.0000000000000000        0.0000000000000000        2.6300967461853397E-002   1.2421590612646909E-002  -2.8201505671885943E-003   2.8379786974645558E-003  -1.4999999591082405E-016  -3.1009843583473958E-003   3.5627901878122403E-003   2.1023133816849308E-030   1.2621774483536189E-029  -2.0194839173657902E-028   6.4623485355705287E-027   9.3602358359196765E-046   1.1526297812272594E-050   0.0000000000000000        0.0000000000000000        3.2311742677852644E-027   3.2311742677852644E-027  -8.0779356694631609E-028  -1.4999999591110483E-016   9.9999997274357849E-017  -8.0779356694631609E-028   8.0779356694631609E-028   3.2626522339992623E-055  -7.6439903232700592E-005   7.3927120223932978E-004  -3.2879592907253709E-002  -6.4098196530086761E-023   7.0283109577244933E-028   0.0000000000000000        0.0000000000000000       -2.7490284389503843E-002  -1.2980349164408466E-002   3.0828238637287410E-003  -3.1009843583474075E-003  -7.7511248605970963E-028   5.3977357803226319E-003  -8.9102874591991330E-003  -3.9184389935626761E-030   1.1047857607865721E-004  -8.5729608038860247E-004   3.7522745744293616E-002   5.2673824493398594E-023  -5.7756385971246212E-028   0.0000000000000000        0.0000000000000000        3.0121513549230247E-002   1.4218664191534610E-002  -3.5427708312263037E-003   3.5627901878122715E-003   8.8739340677634070E-028  -8.9102874591991486E-003   1.7461118865996911E-002  -1.4999999591153001E-016  -3.0814879110195774E-032  -3.9443045261050590E-031   1.5777218104420236E-029  -2.3921244155325151E-048  -8.4706608625205847E-053   0.0000000000000000        0.0000000000000000        1.2621774483536189E-029   6.3108872417680944E-030  -1.7749370367472766E-030   1.3805065841367707E-030   4.4861468217489856E-055  -3.9443045261050590E-030  -1.4999999591153003E-016   9.9999997274357824E-017
 # d
  -335.85417406069638       -272095.46525152802        6564.7805964641993        26.409589556632884       -2.8957883012246076E-004   0.0000000000000000        0.0000000000000000        1164.3575681572324       -4510.7112393438892        1756431.7572451574        1637054.7545920869        2455582.1318881307        27056.333881011600        10354.968661467947        15532.452992201943     
 # da
 -0.78371781896413739       -8.5392453987036987E-002  0.97324070823833608        2.9286531686029180E-022  -3.2112424890176157E-027   0.0000000000000000        0.0000000000000000       0.27922623351935272       0.88167851983510559       0.12527867821837901       0.17216186387099697        4.6984152283155446E-025   1.6338461570858982        7.0834381202161720E-002   1.2116903504194741E-027
