 # iloop
           2
 # kfix
           0           0           0           1           1           1           1           0           0           0           0           1           0           0           1
 # fac
   1.0000000000000000E-002
 # chi2
   522785.49311596883        49674.538714965573     
 # a
8645.09803  0.29904 25.01305  0.00010  0.44000  0.72000  0.26000  0.00574  0.00969  1.00093  0.00208  0.00000  1.01649  0.00036  0.00000
 # da
  -0.15453 -0.09305  1.25534  0.00000 -0.00000  0.00000  0.00000  0.56015  0.94838  0.09520  0.20234  0.00000  1.61947  0.05883 -0.00000
 # s
   0.03676  0.01259  0.63656  0.00000  0.00000  0.00000  0.00000  0.42039  0.30762  0.05289  0.05322  0.00000  0.07357  0.13254  0.00000
 # b
   1055.4122028714123       -238.15300626319157        2.2283342652138569        2.0325766806839687E-002  -2.2287024796976453E-007   0.0000000000000000        0.0000000000000000       -106.49624499166862        130.85055819079233        134.47981366098091        48.230183699946323        72.345275549916039        1.1957002615743946      -0.28724352598091918      -0.43086528897132736       -238.15300626319157        1142526.7051491295       -7892.7136387633027       -96.686367289341248        1.0601575260531103E-003   0.0000000000000000        0.0000000000000000       -942.05794848905884        66.494736171721769       -615035.18947785825       -260958.42504946463       -391437.63757419720       -27192.820040430386       -9607.5951350435298       -14411.392702565288        2.2283342652138569       -7892.7136387633027        315.07318598445920       0.80505780618477107       -8.8273881423268581E-006   0.0000000000000000        0.0000000000000000        36.036224874062086       -73.827486613698738        21018.172637288229        15533.000386949680        23299.500580424479        204.18174710586143        86.843580883538294        130.26537132530740        2.0325766806839687E-002  -96.686367289341248       0.80505780618477107        10000000272564224.       -9.0545472592265341E-008   0.0000000000000000        0.0000000000000000        9.4938571940485952E-002  -5.7763721672658072E-002   64.010178471708358        32.488929288046400        48.733393932069561        2.3062698428977289       0.82151547793539836        1.2322732169030983       -2.2287024796976453E-007   1.0601575260531103E-003  -8.8273881423268581E-006  -9.0545472592265341E-008   10000000272564224.        0.0000000000000000        0.0000000000000000       -1.0409931035493207E-006   6.3337413516472803E-007  -7.0186598538453425E-004  -3.5623825637233117E-004  -5.3435738455849622E-004  -2.5288046284131027E-005  -9.0078450677124848E-006  -1.3511767601568748E-005   0.0000000000000000        0.0000000000000000        0.0000000000000000        0.0000000000000000        0.0000000000000000        10000000272564224.        0.0000000000000000        0.0000000000000000        0.0000000000000000        0.0000000000000000        0.0000000000000000        0.0000000000000000        0.0000000000000000        0.0000000000000000        0.0000000000000000        0.0000000000000000        0.0000000000000000        0.0000000000000000        0.0000000000000000        0.0000000000000000        0.0000000000000000        10000000272564224.        0.0000000000000000        0.0000000000000000        0.0000000000000000        0.0000000000000000        0.0000000000000000        0.0000000000000000        0.0000000000000000        0.0000000000000000       -106.49624499166862       -942.05794848905884        36.036224874062086        9.4938571940485952E-002  -1.0409931035493207E-006   0.0000000000000000        0.0000000000000000        40.325673008290650       -51.049893451066318        2107.6983969367611        1467.4116802245351        2201.1175203367984        25.063671383269753        10.698154616777579        16.047231925166376        130.85055819079233        66.494736171721769       -73.827486613698738       -5.7763721672658072E-002   6.3337413516472803E-007   0.0000000000000000        0.0000000000000000       -51.049893451066318        127.33912485852076       -15818.976633733664       -15117.002541008947       -22675.503811513412        8.2661130443483994        3.1548978572705164        4.7323467859057677        134.47981366098091       -615035.18947785825        21018.172637288229        64.010178471708358       -7.0186598538453425E-004   0.0000000000000000        0.0000000000000000        2107.6983969367611       -15818.976633733664        5920704.3147270186        5548852.7082808670        8323279.0624212837        0.0000000000000000        0.0000000000000000        0.0000000000000000        48.230183699946323       -260958.42504946463        15533.000386949680        32.488929288046400       -3.5623825637233117E-004   0.0000000000000000        0.0000000000000000        1467.4116802245351       -15117.002541008947        5548852.7082808670        5328635.1701873699        7992952.7552810414        0.0000000000000000        0.0000000000000000        0.0000000000000000        72.345275549916039       -391437.63757419720        23299.500580424479        48.733393932069561       -5.3435738455849622E-004   0.0000000000000000        0.0000000000000000        2201.1175203367984       -22675.503811513412        8323279.0624212837        7992952.7552810414        10000000284553654.        0.0000000000000000        0.0000000000000000        0.0000000000000000        1.1957002615743946       -27192.820040430386        204.18174710586143        2.3062698428977289       -2.5288046284131027E-005   0.0000000000000000        0.0000000000000000        25.063671383269753        8.2661130443483994        0.0000000000000000        0.0000000000000000        0.0000000000000000        14778.284834920478        5687.7614987513816        8531.6422481270747      -0.28724352598091918       -9607.5951350435298        86.843580883538294       0.82151547793539836       -9.0078450677124848E-006   0.0000000000000000        0.0000000000000000        10.698154616777579        3.1548978572705164        0.0000000000000000        0.0000000000000000        0.0000000000000000        5687.7614987513816        2267.3093057151677        3400.9639585727541      -0.43086528897132736       -14411.392702565288        130.26537132530740        1.2322732169030983       -1.3511767601568748E-005   0.0000000000000000        0.0000000000000000        16.047231925166376        4.7323467859057677        0.0000000000000000        0.0000000000000000        0.0000000000000000        8531.6422481270747        3400.9639585727541        10000000272569326.     
 # c
   1.3512726504907682E-003   1.5864314248368131E-006  -5.4363110605301071E-004  -2.2139920875630250E-023   2.4276228801056344E-028   0.0000000000000000        0.0000000000000000        3.7841020253598068E-003  -1.6877318308093821E-004   6.0142423382852002E-006  -6.1335184889329229E-006   1.6464867804921200E-030   3.2399135403213830E-006   1.9681942754292464E-006  -1.3367687060580321E-032   1.5864314248367644E-006   1.5858122729638140E-004  -7.9059661128208867E-003   8.1283569998744674E-021  -8.9126720647899740E-026   0.0000000000000000        0.0000000000000000       -3.5668165521989884E-003  -2.9370048396743062E-003   6.6349969618794715E-004  -6.6745804289542029E-004   1.4298250469071308E-028   7.3886267334994911E-004  -8.5779353749660932E-004  -9.4894294492580771E-032  -5.4363110605300810E-004  -7.9059661128208832E-003  0.40520776567227845       -4.8009466797617171E-020   5.2641958710342694E-025   0.0000000000000000        0.0000000000000000       0.17968185171818202       0.15174121780283956       -3.3458609502206887E-002   3.3654003459509127E-002  -7.1919128182550850E-027  -3.6534422892132573E-002   4.1569502803304882E-002   5.0013896164017343E-030  -2.2139920875634300E-023   8.1283569998745592E-021  -4.8009466797621842E-020   9.9999997274357837E-017   3.5020122922136834E-047   0.0000000000000000        0.0000000000000000        2.6583579371806089E-020   2.1938207503670978E-020  -6.0674825126793516E-023   4.6411337682067857E-023   3.9244938317265418E-046  -6.3109484504602511E-023   5.1633412617639094E-023  -1.5365393436427550E-047   2.4276228801055730E-028  -8.9126720647900911E-026   5.2641958710347028E-025   3.5020122799787375E-047   9.9999997274357837E-017   0.0000000000000000        0.0000000000000000       -2.9148661316699193E-025  -2.4055051860254132E-025   6.6529412914186992E-028  -5.0889624197081631E-028  -5.0169496280769191E-051   6.9198995543371717E-028  -5.6615583510902623E-028   3.0013555330104347E-052   0.0000000000000000        0.0000000000000000        0.0000000000000000        0.0000000000000000        0.0000000000000000        9.9999997274357837E-017   0.0000000000000000        0.0000000000000000        0.0000000000000000        0.0000000000000000        0.0000000000000000        0.0000000000000000        0.0000000000000000        0.0000000000000000        0.0000000000000000        0.0000000000000000        0.0000000000000000        0.0000000000000000        0.0000000000000000        0.0000000000000000        0.0000000000000000        9.9999997274357837E-017   0.0000000000000000        0.0000000000000000        0.0000000000000000        0.0000000000000000        0.0000000000000000        0.0000000000000000        0.0000000000000000        0.0000000000000000        3.7841020253598081E-003  -3.5668165521989849E-003  0.17968185171818191        2.6583579371807653E-020  -2.9148661316700919E-025   0.0000000000000000        0.0000000000000000       0.17672710222275309       0.11399241584470624       -1.5355418684163145E-002   1.5566251867333326E-002  -3.1611947490127558E-027  -1.6280447439275918E-002   1.7852595547417256E-002   2.3837382055538409E-030  -1.6877318308093723E-004  -2.9370048396743040E-003  0.15174121780283950        2.1938207503671471E-020  -2.4055051860254692E-025   0.0000000000000000        0.0000000000000000       0.11399241584470629        9.4631349497133491E-002  -1.2642126218027504E-002   1.2815503080699521E-002  -2.6039240935328067E-027  -1.3402034106925059E-002   1.4693257850993305E-002   2.0112764867274401E-030   6.0142423382849876E-006   6.6349969618794704E-004  -3.3458609502206894E-002  -6.0674825127134445E-023   6.6529412914541510E-028   0.0000000000000000        0.0000000000000000       -1.5355418684163158E-002  -1.2642126218027513E-002   2.7975675003297268E-003  -2.8147939791665186E-003   6.0164845524208466E-028   3.0799309617657641E-003  -3.5431644996043242E-003  -4.0709585794172695E-031  -6.1335184889327137E-006  -6.6745804289542019E-004   3.3654003459509134E-002   4.6411337682358721E-023  -5.0889624197550055E-028   0.0000000000000000        0.0000000000000000        1.5566251867333337E-002   1.2815503080699528E-002  -2.8147939791665190E-003   2.8325904200062263E-003  -1.4999999591214157E-016  -3.0980710271866626E-003   3.5631771708005428E-003   4.0974321244634747E-031   1.5777218104420236E-030   2.0194839173657902E-028  -9.6935228033557931E-027   3.3937697182866663E-046  -5.4290533173747724E-051   0.0000000000000000        0.0000000000000000       -1.6155871338926322E-027  -1.6155871338926322E-027   4.0389678347315804E-028  -1.4999999591231653E-016   9.9999997274357824E-017   8.0779356694631609E-028  -1.2116903504194741E-027  -1.6313261169996311E-055   3.2399135403211475E-006   7.3886267334995030E-004  -3.6534422892132649E-002  -6.3109484505125524E-023   6.9198995543718091E-028   0.0000000000000000        0.0000000000000000       -1.6280447439275959E-002  -1.3402034106925087E-002   3.0799309617657688E-003  -3.0980710271866687E-003   6.6463870897920832E-028   5.4123948882577799E-003  -8.9517931901196487E-003   3.5782450458876189E-031   1.9681942754295166E-006  -8.5779353749661268E-004   4.1569502803305083E-002   5.1633412618368347E-023  -5.6615583511060161E-028   0.0000000000000000        0.0000000000000000        1.7852595547417357E-002   1.4693257850993367E-002  -3.5431644996043376E-003   3.5631771708005584E-003  -7.6742173572832031E-028  -8.9517931901196557E-003   1.7565729591727454E-002  -1.4999999591153834E-016  -1.2711137632955757E-032  -9.8607613152626476E-032  -1.5777218104420236E-030  -1.4646750611305232E-047   2.9653430491760795E-052   0.0000000000000000        0.0000000000000000        7.8886090522101181E-031   1.5777218104420236E-030  -1.9721522630525295E-031   5.9164567891575885E-031  -4.0783152924990778E-056   3.9443045261050590E-031  -1.4999999591153792E-016   9.9999997274357837E-017
 # d
  -49.214638166768843       -272600.50584376510        6559.3863166605870        26.453030599606883       -2.9005515734355301E-004   0.0000000000000000        0.0000000000000000        662.31111200468399       -4578.0913116255988        1756177.7449645121        1636707.8305703199        2455061.7458554814        27075.767597810533        10356.528665881591        15534.792998822373     
 # da
 -0.15453136433353587       -9.3047170933775902E-002   1.2553367287350738        7.1831634102108277E-022  -7.8762755517624586E-027   0.0000000000000000        0.0000000000000000       0.56015015428934589       0.94838061792486883        9.5196836195917456E-002  0.20234377830836792        4.8350218329453411E-025   1.6194676726547073        5.8825807289281690E-002  -1.4136387421560532E-027
