 # iloop
           2
 # kfix
           0           0           0           1           1           1           1           1           1           0           0           1
 # fac
  0.10000000000000001     
 # chi2
   109303.67338839962     
 # a
8645.08537  0.28970 25.17477  0.00010  0.44000  0.72000  0.26000  0.00000  0.00000  1.00622  0.02346  0.00000
 # da
  -0.11559 -0.07814  1.22570 -0.00000  0.00000  0.00000  0.00000 -0.00000  0.00000  0.08784  0.17948  0.00000
 # s
   0.04238  0.01204  0.63907  0.00000  0.00000  0.00000  0.00000  0.00000  0.00000  0.05047  0.04975  0.00000
 # b
   556.81495378673026       -126.78674568598477        1.6384237674761906        1.1383551158625507E-002  -1.2481963871816608E-007   0.0000000000000000        0.0000000000000000       -56.174421006246526        68.016432510449903        97.596062106486414        47.174184162268816        70.761276243402392       -126.78674568598477        601154.05365793512       -4060.9589156220804       -52.213590340761925        5.7251743253896301E-004   0.0000000000000000        0.0000000000000000       -471.12335156040081        53.993666324824154       -325753.93086494011       -134602.31409111197       -201903.47113666806        1.6384237674761906       -4060.9589156220804        162.60174341538956       0.42385296560130226       -4.6475105438332854E-006   0.0000000000000000        0.0000000000000000        18.579021905168048       -38.872576342690508        10592.715552686475        7711.0621165972188        11566.593174895832        1.1383551158625507E-002  -52.213590340761925       0.42385296560130226        10000000272564224.       -5.0153680774592285E-008   0.0000000000000000        0.0000000000000000        4.8867413036715455E-002  -3.1291516428011534E-002   33.733314882359210        16.316029880207893        24.474044820311832       -1.2481963871816608E-007   5.7251743253896301E-004  -4.6475105438332854E-006  -5.0153680774592285E-008   10000000272564224.        0.0000000000000000        0.0000000000000000       -5.3582689227099660E-007   3.4310872952228597E-007  -3.6988283512845406E-004  -1.7890383471586612E-004  -2.6835575207379914E-004   0.0000000000000000        0.0000000000000000        0.0000000000000000        0.0000000000000000        0.0000000000000000        10000000272564224.        0.0000000000000000        0.0000000000000000        0.0000000000000000        0.0000000000000000        0.0000000000000000        0.0000000000000000        0.0000000000000000        0.0000000000000000        0.0000000000000000        0.0000000000000000        0.0000000000000000        0.0000000000000000        10000000272564224.        0.0000000000000000        0.0000000000000000        0.0000000000000000        0.0000000000000000        0.0000000000000000       -56.174421006246526       -471.12335156040081        18.579021905168048        4.8867413036715455E-002  -5.3582689227099660E-007   0.0000000000000000        0.0000000000000000        10000000272564246.       -26.907245571016045        1108.9570976735615        775.61696361330007        1163.4254454199520        68.016432510449903        53.993666324824154       -38.872576342690508       -3.1291516428011534E-002   3.4310872952228597E-007   0.0000000000000000        0.0000000000000000       -26.907245571016045        10000000272564290.       -6555.9247461059340       -6180.2728741153387       -9270.4093111729999        97.596062106486414       -325753.93086494011        10592.715552686475        33.733314882359210       -3.6988283512845406E-004   0.0000000000000000        0.0000000000000000        1108.9570976735615       -6555.9247461059340        1486237.4845759633        1295168.0698156140        1942752.1047234223        47.174184162268816       -134602.31409111197        7711.0621165972188        16.316029880207893       -1.7890383471586612E-004   0.0000000000000000        0.0000000000000000        775.61696361330007       -6180.2728741153387        1295168.0698156140        1184156.6344864103        1776234.9517296127        70.761276243402392       -201903.47113666806        11566.593174895832        24.474044820311832       -2.6835575207379914E-004   0.0000000000000000        0.0000000000000000        1163.4254454199520       -9270.4093111729999        1942752.1047234223        1776234.9517296127        10000000275228576.     
 # c
   1.7960343319604489E-003  -3.5466782923906711E-007   2.2049331198094685E-005   4.8624580252746637E-025  -5.3316425212269772E-030   0.0000000000000000        0.0000000000000000        1.0123676253423321E-017  -1.2229621347575218E-017  -2.7786513485552990E-006   2.7836952312002808E-006   1.2861014386066014E-030  -3.5466782923906965E-007   1.4485511800009924E-004  -7.4817065168501281E-003   8.7705425929804209E-021  -9.6168229277768640E-026   0.0000000000000000        0.0000000000000000       -5.3936671310251454E-020  -1.8655291828264060E-018   6.0318858926807504E-004  -5.9455043858365052E-004  -2.4236025615264671E-028   2.2049331198094830E-005  -7.4817065168501316E-003  0.40841487367923213       -6.8607133816919133E-020   7.5227119702604651E-025   0.0000000000000000        0.0000000000000000       -9.1774183021311651E-018   1.0719471328371588E-016  -3.1835933441352764E-002   3.1310482815590873E-002   1.2768437572459838E-026   4.8624580252739144E-025   8.7705425929804179E-021  -6.8607133816918410E-020   9.9999997274357837E-017   6.9284537780295989E-045   0.0000000000000000        0.0000000000000000        5.1194928655763763E-038   2.9424357846732534E-036   1.7970718326933295E-021  -1.8997012375637532E-021  -5.8443395264359382E-046  -5.3316425212263397E-030  -9.6168229277768514E-026   7.5227119702603843E-025   6.9284537780270500E-045   9.9999997274357837E-017   0.0000000000000000        0.0000000000000000       -5.6134789662744148E-043  -3.2263549966026884E-041  -1.9704734821399478E-026   2.0830057232595618E-026   7.1613224785738104E-051   0.0000000000000000        0.0000000000000000        0.0000000000000000        0.0000000000000000        0.0000000000000000        9.9999997274357837E-017   0.0000000000000000        0.0000000000000000        0.0000000000000000        0.0000000000000000        0.0000000000000000        0.0000000000000000        0.0000000000000000        0.0000000000000000        0.0000000000000000        0.0000000000000000        0.0000000000000000        0.0000000000000000        9.9999997274357837E-017   0.0000000000000000        0.0000000000000000        0.0000000000000000        0.0000000000000000        0.0000000000000000        1.0123676253423321E-017  -5.3936671310253729E-020  -9.1774183021310788E-018   5.1194928655635470E-038  -5.6134789662613642E-043   0.0000000000000000        0.0000000000000000        9.9999997274357676E-017   1.6202809186854336E-031  -2.3468606083616558E-019   2.4441552359421585E-019   8.4113180870342394E-044  -1.2229621347575218E-017  -1.8655291828264549E-018   1.0719471328371842E-016   2.9424357846733604E-036  -3.2263549966024927E-041   0.0000000000000000        0.0000000000000000        1.6202809186854341E-031   9.9999997274357602E-017  -8.3886437366958886E-018   8.7873662732142165E-018   3.4497166772403674E-042  -2.7786513485553100E-006   6.0318858926807525E-004  -3.1835933441352764E-002   1.7970718326933265E-021  -1.9704734821399708E-026   0.0000000000000000        0.0000000000000000       -2.3468606083615826E-019  -8.3886437366956852E-018   2.5472071410110090E-003  -2.5101255174720871E-003  -1.0232856744552178E-027   2.7836952312002910E-006  -5.9455043858365052E-004   3.1310482815590873E-002  -1.8997012375636291E-021   2.0830057232594461E-026   0.0000000000000000        0.0000000000000000        2.4441552359420044E-019   8.7873662732140162E-018  -2.5101255174720867E-003   2.4748156299804727E-003  -1.4999999591052801E-016   1.2818989709841442E-030  -2.5243548967072378E-028   1.1309109937248425E-026  -7.0064923216240854E-046   7.3501029527535380E-051   0.0000000000000000        0.0000000000000000        8.4077907859489024E-044   3.5873240686715317E-042  -1.0097419586828951E-027  -1.4999999591054948E-016   9.9999997274357837E-017
 # d
  -35.407266767378850       -104707.64961042457        2830.8333374709200        10.489432021288144       -1.1501570090137246E-004   0.0000000000000000        0.0000000000000000        301.65926727465876       -1743.1840702431668        401428.22286029544        346258.54809881072        519387.82214821683     
 # da
 -0.11558905379243700       -7.8138807079255912E-002   1.2256992163347604       -7.5461845402453474E-021   8.2743250768694131E-026   0.0000000000000000        0.0000000000000000       -1.0332940040716045E-016   1.6249911573150592E-016   8.7835862517636087E-002  0.17948021669129871        1.1632227364026952E-025
