 # iloop
           3
 # kfix
           0           0           0           1           1           1           1           1           1           0           0           1
 # fac
  0.10000000000000001     
 # chi2
   88534.714466109101     
 # a
8645.07381  0.28189 25.29734  0.00010  0.44000  0.72000  0.26000  0.00000  0.00000  1.01501  0.04141  0.00000
 # da
  -0.09524 -0.06096  0.87538 -0.00000  0.00000  0.00000  0.00000 -0.00000  0.00000  0.09934  0.14135  0.00000
 # s
   0.04061  0.01123  0.61751  0.00000  0.00000  0.00000  0.00000  0.00000  0.00000  0.04848  0.04775  0.00000
 # b
   606.48457131748933       -121.21139965761289        1.4849709253750709        1.1095276572335546E-002  -1.2165873319660058E-007   0.0000000000000000        0.0000000000000000       -59.569399151191874        72.436824238928551        88.533575122745006        42.236983855184207        63.355475782780339       -121.21139965761289        663654.39618048281       -4324.8605315354780       -58.927878449785673        6.4613901198633868E-004   0.0000000000000000        0.0000000000000000       -496.65930118328436        56.717822338534127       -343769.37363097112       -138820.46068630138       -208230.69102945202        1.4849709253750709       -4324.8605315354780        170.61330227166474       0.45899011854068700       -5.0327863399679325E-006   0.0000000000000000        0.0000000000000000        19.319307355994802       -41.040824122768555        10897.359621862055        7876.9858153880550        11815.478723082073        1.1095276572335546E-002  -58.927878449785673       0.45899011854068700        10000000272564224.       -5.7822798471518700E-008   0.0000000000000000        0.0000000000000000        5.2402374170278647E-002  -3.3099229273669262E-002   36.123281934795735        17.061982536772160        25.592973805158270       -1.2165873319660058E-007   6.4613901198633868E-004  -5.0327863399679325E-006  -5.7822798471518700E-008   10000000272564224.        0.0000000000000000        0.0000000000000000       -5.7458743065007556E-007   3.6293014211638796E-007  -3.9608861396464833E-004  -1.8708314008338854E-004  -2.8062471012508248E-004   0.0000000000000000        0.0000000000000000        0.0000000000000000        0.0000000000000000        0.0000000000000000        10000000272564224.        0.0000000000000000        0.0000000000000000        0.0000000000000000        0.0000000000000000        0.0000000000000000        0.0000000000000000        0.0000000000000000        0.0000000000000000        0.0000000000000000        0.0000000000000000        0.0000000000000000        0.0000000000000000        10000000272564224.        0.0000000000000000        0.0000000000000000        0.0000000000000000        0.0000000000000000        0.0000000000000000       -59.569399151191874       -496.65930118328436        19.319307355994802        5.2402374170278647E-002  -5.7458743065007556E-007   0.0000000000000000        0.0000000000000000        10000000272564246.       -28.328351951614302        1129.0027229957957        782.81528682229975        1174.2229302334486        72.436824238928551        56.717822338534127       -41.040824122768555       -3.3099229273669262E-002   3.6293014211638796E-007   0.0000000000000000        0.0000000000000000       -28.328351951614302        10000000272564294.       -6774.8598437356432       -6377.8189817191769       -9566.7284725787722        88.533575122745006       -343769.37363097112        10897.359621862055        36.123281934795735       -3.9608861396464833E-004   0.0000000000000000        0.0000000000000000        1129.0027229957957       -6774.8598437356432        1494016.2307848593        1297169.7118782196        1945754.5678173301        42.236983855184207       -138820.46068630138        7876.9858153880550        17.061982536772160       -1.8708314008338854E-004   0.0000000000000000        0.0000000000000000        782.81528682229975       -6377.8189817191769        1297169.7118782196        1184156.6344864103        1776234.9517296127        63.355475782780339       -208230.69102945202        11815.478723082073        25.592973805158270       -2.8062471012508248E-004   0.0000000000000000        0.0000000000000000        1174.2229302334486       -9566.7284725787722        1945754.5678173301        1776234.9517296127        10000000275228576.     
 # c
   1.6489178907576224E-003  -9.6179994572164241E-008   8.8893314802691884E-006   6.9230326345950076E-025  -7.5910444833960363E-030   0.0000000000000000        0.0000000000000000        9.8509175164467488E-018  -1.1958247086675553E-017  -1.4825464783172520E-006   1.4948159129542571E-006  -1.1853081071561117E-031  -9.6179994572158695E-008   1.2620798607019008E-004  -6.7440489885262720E-003   8.9522345686419469E-021  -9.8160465834214740E-026   0.0000000000000000        0.0000000000000000       -5.0932648655310751E-020  -1.7878264766252151E-018   5.4065654591889931E-004  -5.3259868202859713E-004  -1.9915467330073615E-028   8.8893314802688834E-006  -6.7440489885262720E-003  0.38131281277072776       -6.8170746747118364E-020   7.4748625113198611E-025   0.0000000000000000        0.0000000000000000       -9.1504953884320869E-018   1.0637091503316581E-016  -2.9540779660209369E-002   2.9032980653818062E-002   1.0873016851674513E-026   6.9230326345947441E-025   8.9522345686419289E-021  -6.8170746747119134E-020   9.9999997274357837E-017   7.1903119325925095E-045   0.0000000000000000        0.0000000000000000        5.5346460578728004E-038   3.0974657265813514E-036   1.7454878292474865E-021  -1.8499738843864044E-021  -1.0970442355960627E-045  -7.5910444833957434E-030  -9.8160465834215279E-026   7.4748625113201182E-025   7.1903119325874116E-045   9.9999997274357837E-017   0.0000000000000000        0.0000000000000000       -6.0686907955113450E-043  -3.3963439663423383E-041  -1.9139120753996984E-026   2.0284801172329766E-026   5.0153990857304101E-051   0.0000000000000000        0.0000000000000000        0.0000000000000000        0.0000000000000000        0.0000000000000000        9.9999997274357837E-017   0.0000000000000000        0.0000000000000000        0.0000000000000000        0.0000000000000000        0.0000000000000000        0.0000000000000000        0.0000000000000000        0.0000000000000000        0.0000000000000000        0.0000000000000000        0.0000000000000000        0.0000000000000000        9.9999997274357837E-017   0.0000000000000000        0.0000000000000000        0.0000000000000000        0.0000000000000000        0.0000000000000000        9.8509175164467488E-018  -5.0932648655315349E-020  -9.1504953884318018E-018   5.5346460578792150E-038  -6.0686907955015571E-043   0.0000000000000000        0.0000000000000000        9.9999997274357701E-017   1.7208839029096053E-031  -2.2682373374192936E-019   2.3691047130967213E-019   8.1537904922420516E-044  -1.1958247086675553E-017  -1.7878264766252094E-018   1.0637091503316550E-016   3.0974657265812980E-036  -3.3963439663431540E-041   0.0000000000000000        0.0000000000000000        1.7208839029096044E-031   9.9999997274357590E-017  -8.2781482617146359E-018   8.6900506005066663E-018   3.2572700560182608E-042  -1.4825464783172281E-006   5.4065654591889931E-004  -2.9540779660209369E-002   1.7454878292474565E-021  -1.9139120753994091E-026   0.0000000000000000        0.0000000000000000       -2.2682373374190519E-019  -8.2781482617146590E-018   2.3499787009475482E-003  -2.3143683520060066E-003  -8.6563110778632484E-028   1.4948159129542336E-006  -5.3259868202859724E-004   2.9032980653818069E-002  -1.8499738843864838E-021   2.0284801172327280E-026   0.0000000000000000        0.0000000000000000        2.3691047130964911E-019   8.6900506005066925E-018  -2.3143683520060070E-003   2.2805264230926848E-003  -1.4999999591068395E-016  -9.8607613152626476E-032  -1.8932661725304283E-028   1.0501316370302109E-026  -1.0947644252537633E-045   5.3455294201843913E-051   0.0000000000000000        0.0000000000000000        8.9683101716788293E-044   3.2285916618043785E-042  -9.0876776281460560E-028  -1.4999999591070094E-016   9.9999997274357837E-017
 # d
  -34.308417738161452       -98003.919929880925        2608.8280165731617        9.9932179248059896       -1.0957475691239307E-004   0.0000000000000000        0.0000000000000000        274.75491307698132       -1619.4724622249480        362260.16933660122        311597.38139521325        467396.07209282008     
 # da
  -9.5241824450927715E-002  -6.0960785090571790E-002  0.87538491534178320       -4.3938186595913743E-021   4.8177835731021037E-026   0.0000000000000000        0.0000000000000000       -9.1470058387763823E-017   1.3407310636128329E-016   9.9340492691453619E-002  0.14135117106506084        5.1698788284564230E-026
