 # iloop
           1
 # kfix
           0           0           0           1           1           1           1           1           1           0           0           1           0           0           1
 # fac
   6.9517946300281534E-310
 # chi2
   19074.156744175318        1177.8264255722715     
 # a
8645.09961  0.30000 25.00000  0.00010  0.44000  0.72000  0.26000  0.00000  0.10000  1.00000  0.00000  0.00000  1.00000  0.00000  0.00000
 # da
  -0.16621 -0.09874  1.46374 -0.00000  0.00000  0.00000  0.00000  0.00000 -0.00000  0.08195  0.21791 -0.00000  1.60079  0.14603  0.00000
 # s
   0.12167  0.03314  1.70896  0.00000  0.00000  0.00000  0.00000  0.00000  0.00000  0.13571  0.13393  0.00000  0.30046  0.64983  0.00000
 # b
   67.562771021483229       -14.188579993814294       0.46165375153786414        1.3541326189144681E-003  -1.4847945242580646E-008   0.0000000000000000        0.0000000000000000       -7.1711047162171599        8.6607609221882438        20.631094695363810        11.453211055223113        17.179816582834622        9.1347431269985790E-002   2.0838061132079089E-002   3.1257091698118078E-002  -14.188579993814294        75266.415682370483       -506.00369231409104       -6.3472626958507528        6.9597178025160427E-005   0.0000000000000000        0.0000000000000000       -61.249652884385419        6.8830514033774612       -41568.881431204143       -17635.538257962595       -26453.307386943896       -564.89434596426838       -205.84046090331688       -308.76069135497522       0.46165375153786414       -506.00369231409104        21.162469255676456        5.2008236136337933E-002  -5.7026574172224953E-007   0.0000000000000000        0.0000000000000000        2.3638427501682342       -4.7805217462319103        1386.8272077418562        1017.6248010396972        1526.4372015595459        5.1952864160105552        2.3460352218631564        3.5190528327947348        1.3541326189144681E-003  -6.3472626958507528        5.2008236136337933E-002   10000000272564224.       -5.9252628161130659E-009   0.0000000000000000        0.0000000000000000        6.1723247516047011E-003  -3.8791887409691818E-003   4.2291121152675020        2.1041721932164661        3.1562582898246991        4.8231583391520394E-002   1.7782880746391144E-002   2.6674321119586723E-002  -1.4847945242580646E-008   6.9597178025160427E-005  -5.7026574172224953E-007  -5.9252628161130659E-009   10000000272564224.        0.0000000000000000        0.0000000000000000       -6.7678998830055270E-008   4.2534963863228490E-008  -4.6371842931133666E-005  -2.3072063304172121E-005  -3.4608094956258180E-005  -5.2885507605181800E-007  -1.9498772564050883E-007  -2.9248158846076324E-007   0.0000000000000000        0.0000000000000000        0.0000000000000000        0.0000000000000000        0.0000000000000000        10000000272564224.        0.0000000000000000        0.0000000000000000        0.0000000000000000        0.0000000000000000        0.0000000000000000        0.0000000000000000        0.0000000000000000        0.0000000000000000        0.0000000000000000        0.0000000000000000        0.0000000000000000        0.0000000000000000        0.0000000000000000        0.0000000000000000        0.0000000000000000        10000000272564224.        0.0000000000000000        0.0000000000000000        0.0000000000000000        0.0000000000000000        0.0000000000000000        0.0000000000000000        0.0000000000000000        0.0000000000000000       -7.1711047162171599       -61.249652884385419        2.3638427501682342        6.1723247516047011E-003  -6.7678998830055270E-008   0.0000000000000000        0.0000000000000000        10000000272564226.       -3.3066046439368324        140.09743373204384        97.253009271556323        145.87951390733451       0.64268096545727227       0.29069634487264251       0.43604451730896371        8.6607609221882438        6.8830514033774612       -4.7805217462319103       -3.8791887409691818E-003   4.2534963863228490E-008   0.0000000000000000        0.0000000000000000       -3.3066046439368324        10000000272564232.       -832.99261451208588       -786.72723743568588       -1180.0908561535282       0.13936704967634361        5.0535819663114170E-002   7.5803729494671235E-002   20.631094695363810       -41568.881431204143        1386.8272077418562        4.2291121152675020       -4.6371842931133666E-005   0.0000000000000000        0.0000000000000000        140.09743373204384       -832.99261451208588        205995.34421578734        181053.11383622146        271579.67075433221        0.0000000000000000        0.0000000000000000        0.0000000000000000        11.453211055223113       -17635.538257962595        1017.6248010396972        2.1041721932164661       -2.3072063304172121E-005   0.0000000000000000        0.0000000000000000        97.253009271556323       -786.72723743568588        181053.11383622146        166356.00873026982        249534.01309540481        0.0000000000000000        0.0000000000000000        0.0000000000000000        17.179816582834622       -26453.307386943896        1526.4372015595459        3.1562582898246991       -3.4608094956258180E-005   0.0000000000000000        0.0000000000000000        145.87951390733451       -1180.0908561535282        271579.67075433221        249534.01309540481        10000000272938526.        0.0000000000000000        0.0000000000000000        0.0000000000000000        9.1347431269985790E-002  -564.89434596426838        5.1952864160105552        4.8231583391520394E-002  -5.2885507605181800E-007   0.0000000000000000        0.0000000000000000       0.64268096545727227       0.13936704967634361        0.0000000000000000        0.0000000000000000        0.0000000000000000        346.11183846581866        141.17160332773611        211.75740499160418        2.0838061132079089E-002  -205.84046090331688        2.3460352218631564        1.7782880746391144E-002  -1.9498772564050883E-007   0.0000000000000000        0.0000000000000000       0.29069634487264251        5.0535819663114170E-002   0.0000000000000000        0.0000000000000000        0.0000000000000000        141.17160332773611        60.134098320986041        90.201147481479055        3.1257091698118078E-002  -308.76069135497522        3.5190528327947348        2.6674321119586723E-002  -2.9248158846076324E-007   0.0000000000000000        0.0000000000000000       0.43604451730896371        7.5803729494671235E-002   0.0000000000000000        0.0000000000000000        0.0000000000000000        211.75740499160418        90.201147481479055        10000000272564360.     
 # c
  0.99999999999999989       -3.6398947682153267E-003   1.9457806813978004E-003   2.1703187967134473E-014  -2.3797355002327877E-019   0.0000000000000000        0.0000000000000000        8.7912548632142915E-009  -1.0576334005905797E-008  -3.8059343529015508E-003   3.8872610667930766E-003  -4.1423459891645893E-022  -3.1645878294860623E-003   2.5352183470270019E-003   7.6738053794772731E-025  -3.6398947682152586E-003   1.0000000000000002      -0.97162301460193723        2.5774551116811553E-011  -2.8261568940074042E-016   0.0000000000000000        0.0000000000000000       -3.7988331822477615E-010  -5.5016988627626402E-009  0.99261538913716574      -0.99257997851486524        1.2085962892090653E-019  0.49539737853768273      -0.26350265306202653       -2.9101241484151686E-023   1.9457806813977247E-003 -0.97162301460193545        1.0000000000000000       -4.0546430908434660E-012   4.4458805400715737E-017   0.0000000000000000        0.0000000000000000       -3.0215162794096926E-010   6.0269487731767655E-009 -0.98644092493428981       0.98430031933962592       -1.1984061090129719E-019 -0.47457502074388946       0.24294232190072831        2.8745776632047429E-023   2.1703187967135072E-014   2.5774551116811466E-011  -4.0546430908433844E-012  0.99999999999999989        1.1118083235133118E-029   0.0000000000000000        0.0000000000000000       -3.7287790075475998E-022   5.1825673869099639E-021   1.3631645203619951E-012  -1.4551829246962025E-012   2.0845770116837171E-031   6.2005182347443370E-013  -3.0886649951594023E-013  -1.3435199368059668E-033  -2.3797355002327025E-019  -2.8261568940074229E-016   4.4458805400717420E-017   1.1118083235142677E-029  0.99999999999999989        0.0000000000000000        0.0000000000000000        4.0885734345764370E-027  -5.6826396249360581E-026  -1.4946979248769294E-017   1.5955952970973654E-017  -2.7091293367978779E-036  -6.7988137896765676E-018   3.3866940416552471E-018   6.2845170354955269E-039   0.0000000000000000        0.0000000000000000        0.0000000000000000        0.0000000000000000        0.0000000000000000       0.99999999999999989        0.0000000000000000        0.0000000000000000        0.0000000000000000        0.0000000000000000        0.0000000000000000        0.0000000000000000        0.0000000000000000        0.0000000000000000        0.0000000000000000        0.0000000000000000        0.0000000000000000        0.0000000000000000        0.0000000000000000        0.0000000000000000        0.0000000000000000       0.99999999999999989        0.0000000000000000        0.0000000000000000        0.0000000000000000        0.0000000000000000        0.0000000000000000        0.0000000000000000        0.0000000000000000        0.0000000000000000        8.7912548632142931E-009  -3.7988331822479135E-010  -3.0215162794095334E-010  -3.7287790075482675E-022   4.0885734345748055E-027   0.0000000000000000        0.0000000000000000        1.0000000000000002        1.9472520269818465E-016  -4.0249521278722314E-010   4.1328920425393107E-010  -5.4478409284264672E-029  -1.8955430845451679E-010   9.5487170421841749E-011   1.7494176817627339E-032  -1.0576334005905797E-008  -5.5016988627627800E-009   6.0269487731769177E-009   5.1825673869092026E-021  -5.6826396249368330E-026   0.0000000000000000        0.0000000000000000        1.9472520269818465E-016   1.0000000000000002       -5.9116619611287623E-009   6.2583583659875986E-009  -8.1999164180319215E-028  -2.6777255748047066E-009   1.3156708903040734E-009   1.6023698584139828E-031  -3.8059343529014810E-003  0.99261538913716518      -0.98644092493429147        1.3631645203621102E-012  -1.4946979248767433E-017   0.0000000000000000        0.0000000000000000       -4.0249521278720582E-010  -5.9116619611286192E-009  0.99999999999999978      -0.99976074481149879        1.2171311895358699E-019  0.48908096088654507      -0.25641498841497135       -2.9071779293888741E-023   3.8872610667930060E-003 -0.99257997851486490       0.98430031933962747       -1.4551829246963291E-012   1.5955952970971534E-017   0.0000000000000000        0.0000000000000000        4.1328920425391307E-010   6.2583583659874538E-009 -0.99976074481149879        1.0000000000000002       -1.1199471591081407E-007 -0.48931809363410911       0.25689819254625279        2.9053057295985229E-023  -1.6208938218629444E-022   1.5236109528862601E-019  -1.4180434483622609E-019   2.1895289101862499E-031  -1.6704779893388747E-036   0.0000000000000000        0.0000000000000000       -5.6051940100768008E-029  -8.9683104161228813E-028   1.4880638897303469E-019  -1.1199471591089759E-007   1.0000000000000002        6.7212498324254595E-020  -3.1077301963633509E-020  -6.3723678182177546E-042  -3.1645878294860306E-003  0.49539737853768290      -0.47457502074389085        6.2005182347446177E-013  -6.7988137896753758E-018   0.0000000000000000        0.0000000000000000       -1.8955430845450926E-010  -2.6777255748046396E-009  0.48908096088654540      -0.48931809363410955        5.9582138435346867E-020   1.0000000000000000      -0.95031173418094705       -1.4360601215742111E-023   2.5352183470269867E-003 -0.26350265306202686       0.24294232190072942       -3.0886649951596689E-013   3.3866940416546912E-018   0.0000000000000000        0.0000000000000000        9.5487170421838208E-011   1.3156708903040403E-009 -0.25641498841497196       0.25689819254625346       -3.1283192034508270E-020 -0.95031173418094739       0.99999999999999978       -2.3083101219083687E-008   6.3316164916521266E-025  -1.8598766514724855E-023   4.6160268501375682E-023  -1.0958335610063018E-033   1.0603620049514342E-038   0.0000000000000000        0.0000000000000000        2.7369111377328129E-032   1.0947644550931252E-031   1.8164842403934898E-023   0.0000000000000000       -3.1861839091088773E-042   0.0000000000000000       -2.3083101219083875E-008   1.0000000000000002     
 # d
  -4.8169049103039141       -16353.624557647609        424.91887404340378        1.5874780584079529       -1.7406557493559941E-005   0.0000000000000000        0.0000000000000000        44.605801604395964       -248.66457893660217        62465.244659654250        54316.639234078575        81474.958851117859        638.03082909804004        258.52118338217326        387.78177507325995     
 # da
 -0.16620541790033849       -9.8736507817856367E-002   1.4637385320201020       -2.3319786422603061E-021   2.5569941010327458E-026   0.0000000000000000        0.0000000000000000        1.6187867453027437E-017  -7.9982959623354051E-018   8.1947379516166485E-002  0.21791161480064325       -2.9557390199860316E-027   1.6007859434054978       0.14602660357505082        6.3108872417680944E-030
