 # iloop
           1
 # kfix
           0           0           0           1           1           1           1           1           1           0           0           1
 # fac
  -4.0885346296445013E-106
 # chi2
   134975.78513267290     
 # a
8645.09961  0.30000 25.00000  0.00010  0.44000  0.72000  0.26000  0.00000  0.00000  1.00000  0.00000  0.00000
 # da
  -0.14240 -0.10298  1.74768 -0.00000  0.00000  0.00000  0.00000 -0.00000  0.00000  0.06222  0.23463  0.00000
 # s
   0.04455  0.01310  0.66483  0.00000  0.00000  0.00000  0.00000  0.00000  0.00000  0.05322  0.05250  0.00000
 # b
   503.91007734955667       -131.77556131592888        1.7991166732508650        1.1540538503083725E-002  -1.2654099116306929E-007   0.0000000000000000        0.0000000000000000       -52.471396417415257        63.181909398596680        107.27795416234794        52.781802216473004        79.172703324709090       -131.77556131592888        534406.40706155915       -3779.3257302985776       -45.144091342375269        4.9500099688536267E-004   0.0000000000000000        0.0000000000000000       -443.24066314804890        50.819173856807588       -305286.11171807896       -129842.03484270225       -194763.05226405343        1.7991166732508650       -3779.3257302985776        154.29128151434918       0.38634059395381487       -4.2361906831628179E-006   0.0000000000000000        0.0000000000000000        17.799983277191764       -36.498841758929466        10257.486504359273        7534.7177894823581        11302.076684223539        1.1540538503083725E-002  -45.144091342375269       0.38634059395381487        10000000272564224.       -4.2218365026631035E-008   0.0000000000000000        0.0000000000000000        4.5008662112715751E-002  -2.9287339995068631E-002   31.051894914529015        15.472644798631698        23.208967197947537       -1.2654099116306929E-007   4.9500099688536267E-004  -4.2361906831628179E-006  -4.2218365026631035E-008   10000000272564224.        0.0000000000000000        0.0000000000000000       -4.9351602727592980E-007   3.2113311094759844E-007  -3.4048130067119981E-004  -1.6965619136488375E-004  -2.5448428704732533E-004   0.0000000000000000        0.0000000000000000        0.0000000000000000        0.0000000000000000        0.0000000000000000        10000000272564224.        0.0000000000000000        0.0000000000000000        0.0000000000000000        0.0000000000000000        0.0000000000000000        0.0000000000000000        0.0000000000000000        0.0000000000000000        0.0000000000000000        0.0000000000000000        0.0000000000000000        0.0000000000000000        10000000272564224.        0.0000000000000000        0.0000000000000000        0.0000000000000000        0.0000000000000000        0.0000000000000000       -52.471396417415257       -443.24066314804890        17.799983277191764        4.5008662112715751E-002  -4.9351602727592980E-007   0.0000000000000000        0.0000000000000000        10000000272564244.       -25.317242065875298        1086.1411619281364        768.08000634717018        1152.1200095207564        63.181909398596680        50.819173856807588       -36.498841758929466       -2.9287339995068631E-002   3.2113311094759844E-007   0.0000000000000000        0.0000000000000000       -25.317242065875298        10000000272564284.       -6298.4878812396382       -5948.3339351715913       -8922.5009027573942        107.27795416234794       -305286.11171807896        10257.486504359273        31.051894914529015       -3.4048130067119981E-004   0.0000000000000000        0.0000000000000000        1086.1411619281364       -6298.4878812396382        1476133.6447530477        1292483.6041183469        1938725.4061775184        52.781802216473004       -129842.03484270225        7534.7177894823581        15.472644798631698       -1.6965619136488375E-004   0.0000000000000000        0.0000000000000000        768.08000634717018       -5948.3339351715913        1292483.6041183469        1184156.6344864103        1776234.9517296127        79.172703324709090       -194763.05226405343        11302.076684223539        23.208967197947537       -2.5448428704732533E-004   0.0000000000000000        0.0000000000000000        1152.1200095207564       -8922.5009027573942        1938725.4061775184        1776234.9517296127        10000000275228576.     
 # c
   1.9846426984775289E-003  -7.4742421698769484E-007   4.0651605759704598E-005   2.1945510730221813E-025  -2.4063059786395675E-030   0.0000000000000000        0.0000000000000000        1.0456132736440865E-017  -1.2552402044248957E-017  -4.6395843064100411E-006   4.6349342725640927E-006   6.6173734075746993E-031  -7.4742421698768880E-007   1.7148911046065778E-004  -8.4747479183028621E-003   8.5500945311226560E-021  -9.3751035639894234E-026   0.0000000000000000        0.0000000000000000       -5.7937814825025386E-020  -1.9675413671737866E-018   6.9226240522081211E-004  -6.8286273668411530E-004  -8.3603451085637061E-029   4.0651605759704165E-005  -8.4747479183028447E-003  0.44199378834229602       -6.9169377913311579E-020   7.5843615416584127E-025   0.0000000000000000        0.0000000000000000       -9.1948615156268829E-018   1.0806152163893629E-016  -3.4931336689850899E-002   3.4385232186120405E-002   4.1965244344761338E-027   2.1945510730026883E-025   8.5500945311229253E-021  -6.9169377913324675E-020   9.9999997274357837E-017   6.6751635104838464E-045   0.0000000000000000        0.0000000000000000        4.6685373889176953E-038   2.7771698418002021E-036   1.8769890146559556E-021  -1.9777016767489241E-021  -5.6563840769939799E-047  -2.4063059786202916E-030  -9.3751035639897081E-026   7.5843615416598747E-025   6.6751635104583569E-045   9.9999997274357837E-017   0.0000000000000000        0.0000000000000000       -5.1190102465241146E-043  -3.0451423416342505E-041  -2.0581019703122516E-026   2.1685325198097835E-026  -7.7101336411148319E-052   0.0000000000000000        0.0000000000000000        0.0000000000000000        0.0000000000000000        0.0000000000000000        9.9999997274357837E-017   0.0000000000000000        0.0000000000000000        0.0000000000000000        0.0000000000000000        0.0000000000000000        0.0000000000000000        0.0000000000000000        0.0000000000000000        0.0000000000000000        0.0000000000000000        0.0000000000000000        0.0000000000000000        9.9999997274357837E-017   0.0000000000000000        0.0000000000000000        0.0000000000000000        0.0000000000000000        0.0000000000000000        1.0456132736440865E-017  -5.7937814825038506E-020  -9.1948615156262497E-018   4.6685373889219717E-038  -5.1190102465339025E-043   0.0000000000000000        0.0000000000000000        9.9999997274357689E-017   1.5077392242459859E-031  -2.4579143424875419E-019   2.5510090539788567E-019   2.4431935633219849E-044  -1.2552402044248959E-017  -1.9675413671737885E-018   1.0806152163893661E-016   2.7771698418033132E-036  -3.0451423416376518E-041   0.0000000000000000        0.0000000000000000        1.5077392242459839E-031   9.9999997274357627E-017  -8.5661770496058729E-018   8.9493706739991170E-018   1.2558713410953832E-042  -4.6395843064100140E-006   6.9226240522081190E-004  -3.4931336689850961E-002   1.8769890146548482E-021  -2.0581019703110807E-026   0.0000000000000000        0.0000000000000000       -2.4579143424870503E-019  -8.5661770496058621E-018   2.8321986795074748E-003  -2.7931166303109445E-003  -3.4187872587368586E-028   4.6349342725640664E-006  -6.8286273668411509E-004   3.4385232186120468E-002  -1.9777016767478566E-021   2.1685325198085540E-026   0.0000000000000000        0.0000000000000000        2.5510090539783362E-019   8.9493706739991062E-018  -2.7931166303109454E-003   2.7558093258034694E-003  -1.4999999591119923E-016   4.9303806576313238E-031  -5.0487097934144756E-029   3.2311742677852644E-027  -8.7581154020301067E-047  -2.0045735325691467E-051   0.0000000000000000        0.0000000000000000        2.2420775429197073E-044   1.0761972206014595E-042  -2.0194839173657902E-028  -1.4999999591130678E-016   9.9999997274357837E-017
 # d
  -35.983935977186526       -111075.84376124031        3064.6383721062584        10.884474352668830       -1.1934730537120928E-004   0.0000000000000000        0.0000000000000000        330.81433073424989       -1863.5366920202919        444445.25034025160        384785.09763366106        577177.64645049139     
 # da
 -0.14239958129409702      -0.10297522525320346        1.7476809229829087       -1.1976581329876381E-020   1.3132216248042771E-025   0.0000000000000000        0.0000000000000000       -1.2006313504940089E-016   2.0158924924712804E-016   6.2217208367201238E-002  0.23463035937475796        5.8161136820134758E-026
