 # iloop
           3
 # kfix
           0           0           0           1           1           1           1           1           1           0           1           1           0           0           1
 # fac
   1.0000000000000000E-002
 # chi2
   18273.843707119438        1131.4477133055348     
 # a
8645.09663  0.29910 24.97478  0.00010  0.44000  0.72000  0.26000  0.00000  0.00000  1.00601  0.00000  0.00000  1.03651 -0.00229  0.00000
 # da
  -0.14435 -0.04390 -1.22366  0.00000 -0.00000  0.00000  0.00000 -0.00000 -0.00000  0.29612  0.00000  0.00000  1.78550 -0.08802  0.00000
 # s
   0.12048  0.00399  0.29956  0.00000  0.00000  0.00000  0.00000  0.00000  0.00000  0.00298  0.00000  0.00000  0.26070  0.62543  0.00000
 # b
   68.900119203184673       -11.211882958537720       0.32370749988411068        1.0606546243040066E-003  -1.1629984805757540E-008   0.0000000000000000        0.0000000000000000       -7.3238878816814932        8.8635706995496051        14.259279372772891        7.0766932791476158        10.615039918721306        8.0972705850569149E-002   1.7423972976354563E-002   2.6135959464531844E-002  -11.211882958537720        76832.824419433804       -514.67754854230770       -6.4935788353686243        7.1201521645070223E-005   0.0000000000000000        0.0000000000000000       -62.550185679969211        7.7969204278851709       -41981.233676408512       -17785.266801529175       -26677.900202293768       -587.86260346879988       -213.75723918466076       -320.63585877699120       0.32370749988411068       -514.67754854230770        21.611958883452271        5.3000251986109137E-002  -5.8114310839330855E-007   0.0000000000000000        0.0000000000000000        2.4785098792875102       -5.0302787111566305        1409.2646649839396        1035.8862049404565        1553.8293074106848        5.4132463504645560        2.4423458422175961        3.6635187633263948        1.0606546243040066E-003  -6.4935788353686243        5.3000251986109137E-002   10000000272564224.       -6.0744462434233048E-009   0.0000000000000000        0.0000000000000000        6.3440231462029671E-003  -4.1054691490741146E-003   4.2804719245547913        2.1279527943482601        3.1919291915223895        5.0307756359126564E-002   1.8509196730892453E-002   2.7763795096338684E-002  -1.1629984805757540E-008   7.1201521645070223E-005  -5.8114310839330855E-007  -6.0744462434233048E-009   10000000272564224.        0.0000000000000000        0.0000000000000000       -6.9561656647779015E-008   4.5016108665503608E-008  -4.6934998729402817E-005  -2.3332815507101528E-005  -3.4999223260652297E-005  -5.5162013030614556E-007  -2.0295171662340948E-007  -3.0442757493511418E-007   0.0000000000000000        0.0000000000000000        0.0000000000000000        0.0000000000000000        0.0000000000000000        10000000272564224.        0.0000000000000000        0.0000000000000000        0.0000000000000000        0.0000000000000000        0.0000000000000000        0.0000000000000000        0.0000000000000000        0.0000000000000000        0.0000000000000000        0.0000000000000000        0.0000000000000000        0.0000000000000000        0.0000000000000000        0.0000000000000000        0.0000000000000000        10000000272564224.        0.0000000000000000        0.0000000000000000        0.0000000000000000        0.0000000000000000        0.0000000000000000        0.0000000000000000        0.0000000000000000        0.0000000000000000       -7.3238878816814932       -62.550185679969211        2.4785098792875102        6.3440231462029671E-003  -6.9561656647779015E-008   0.0000000000000000        0.0000000000000000        10000000272564226.       -3.4774045129877460        148.51767835857282        104.61296331057531        156.91944496586291       0.66748712655968390       0.30154207555311208       0.45231311332966817        8.8635706995496051        7.7969204278851709       -5.0302787111566305       -4.1054691490741146E-003   4.5016108665503608E-008   0.0000000000000000        0.0000000000000000       -3.4774045129877460        10000000272564232.       -873.17858518590072       -825.04420205379438       -1237.5663030806913       0.14260111373393272        5.1568046749817936E-002   7.7352070124726890E-002   14.259279372772891       -41981.233676408512        1409.2646649839396        4.2804719245547913       -4.6934998729402817E-005   0.0000000000000000        0.0000000000000000        148.51767835857282       -873.17858518590072        206170.13851263674        181123.52269362647        271685.28404043970        0.0000000000000000        0.0000000000000000        0.0000000000000000        7.0766932791476158       -17785.266801529175        1035.8862049404565        2.1279527943482601       -2.3332815507101528E-005   0.0000000000000000        0.0000000000000000        104.61296331057531       -825.04420205379438        181123.52269362647        10000000272730580.        249534.01309540481        0.0000000000000000        0.0000000000000000        0.0000000000000000        10.615039918721306       -26677.900202293768        1553.8293074106848        3.1919291915223895       -3.4999223260652297E-005   0.0000000000000000        0.0000000000000000        156.91944496586291       -1237.5663030806913        271685.28404043970        249534.01309540481        10000000272938526.        0.0000000000000000        0.0000000000000000        0.0000000000000000        8.0972705850569149E-002  -587.86260346879988        5.4132463504645560        5.0307756359126564E-002  -5.5162013030614556E-007   0.0000000000000000        0.0000000000000000       0.66748712655968390       0.14260111373393272        0.0000000000000000        0.0000000000000000        0.0000000000000000        346.84208643498835        141.29309547385415        211.93964321078121        1.7423972976354563E-002  -213.75723918466076        2.4423458422175961        1.8509196730892453E-002  -2.0295171662340948E-007   0.0000000000000000        0.0000000000000000       0.30154207555311208        5.1568046749817936E-002   0.0000000000000000        0.0000000000000000        0.0000000000000000        141.29309547385415        60.134098320986041        90.201147481479055        2.6135959464531844E-002  -320.63585877699120        3.6635187633263948        2.7763795096338684E-002  -3.0442757493511418E-007   0.0000000000000000        0.0000000000000000       0.45231311332966817        7.7352070124726890E-002   0.0000000000000000        0.0000000000000000        0.0000000000000000        211.93964321078121        90.201147481479055        10000000272564360.     
 # c
   1.4514952523406895E-002   8.7730109016897702E-007  -2.6047169198762868E-004   1.1331815356220138E-023  -1.2425236018829703E-028   0.0000000000000000        0.0000000000000000        1.0685998326679657E-017  -1.2913697837267846E-017   9.5518668282433749E-007   9.6974224038347271E-019   1.4546133605753790E-018  -3.9765270292795988E-005   1.0292565411681423E-004  -1.0709827430063329E-034   8.7730109016897723E-007   1.5893047393931012E-005   2.9569915064336602E-004   8.0837299862375860E-021  -8.8637389362706434E-026   0.0000000000000000        0.0000000000000000        7.7818315966035028E-021   2.4121965157422608E-019   1.2149133921498965E-006  -2.4370417786256266E-017  -3.6555626679384388E-017   9.8067633955193809E-005  -1.8593844130956229E-004   3.9516702628218238E-034  -2.6047169198762862E-004   2.9569915064336607E-004   8.9733873678097931E-002  -4.4481240712943377E-020   4.8773289794708577E-025   0.0000000000000000        0.0000000000000000       -1.2273405218219867E-017  -3.1546640803553514E-018  -5.5314144410259470E-004   1.2493776268929240E-015   1.8740664403393853E-015   3.6702905883947553E-003  -1.1217188219628273E-002   9.0232974699696026E-033   1.1331815356220062E-023   8.0837299862375860E-021  -4.4481240712943401E-020   9.9999997274357837E-017   3.3221173375572829E-045   0.0000000000000000        0.0000000000000000        3.5391071653445737E-038   1.3582157116960562E-036  -1.2609267393851448E-022  -1.0820634408100167E-035  -1.6230951612132974E-035  -2.8316267000107918E-022   4.2710356159820997E-022   1.3796501245837401E-050  -1.2425236018829997E-028  -8.8637389362706445E-026   4.8773289794708577E-025   3.3221173375517071E-045   9.9999997274357837E-017   0.0000000000000000        0.0000000000000000       -3.8805999253408638E-043  -1.4892715996340743E-041   1.3825950959149918E-027   1.1864730598553561E-040   1.7797095897825904E-040   3.1048538084025996E-027  -4.6831530434620119E-027  -1.1613776263817808E-054   0.0000000000000000        0.0000000000000000        0.0000000000000000        0.0000000000000000        0.0000000000000000        9.9999997274357837E-017   0.0000000000000000        0.0000000000000000        0.0000000000000000        0.0000000000000000        0.0000000000000000        0.0000000000000000        0.0000000000000000        0.0000000000000000        0.0000000000000000        0.0000000000000000        0.0000000000000000        0.0000000000000000        0.0000000000000000        0.0000000000000000        0.0000000000000000        9.9999997274357837E-017   0.0000000000000000        0.0000000000000000        0.0000000000000000        0.0000000000000000        0.0000000000000000        0.0000000000000000        0.0000000000000000        0.0000000000000000        1.0685998326679659E-017   7.7818315966035043E-021  -1.2273405218219869E-017   3.5391071653440391E-038  -3.8805999253408638E-043   0.0000000000000000        0.0000000000000000        9.9999997274357824E-017   2.0231557757085152E-032   1.2703222377786420E-020   1.4483138868210496E-033   2.1724708302322641E-033   2.3401671952879343E-020  -3.3384900789462110E-020   7.2807851513415318E-049  -1.2913697837267846E-017   2.4121965157422613E-019  -3.1546640803553518E-018   1.3582157116960776E-036  -1.4892715996340559E-041   0.0000000000000000        0.0000000000000000        2.0231557757085150E-032   9.9999997274357812E-017   4.9509813631884659E-019   4.7991455615342564E-032   7.1987183423013112E-032   1.2115835982360694E-018  -1.9432064242624133E-018   5.5009307054363580E-048   9.5518668282433707E-007   1.2149133921498965E-006  -5.5314144410259470E-004  -1.2609267393851448E-022   1.3825950959149889E-027   0.0000000000000000        0.0000000000000000        1.2703222377786397E-020   4.9509813631884649E-019   8.8786506519134954E-006  -1.0135400645766825E-016  -1.5203100968650238E-016  -5.1163740914530847E-006   3.8805785630927947E-005   1.8794730206816853E-035   9.6974224038347906E-019  -2.4370417786256262E-017   1.2493776268929240E-015  -1.0820634408088535E-035   1.1864730598557737E-040   0.0000000000000000        0.0000000000000000        1.4483138868210715E-033   4.7991455615342454E-032  -1.0135400645766827E-016   9.9999997274357270E-017  -8.4900362120022367E-031  -1.1308672177851480E-016   1.2833967448801733E-016  -5.7223680638364859E-046   1.4546133605753871E-018  -3.6555626679384381E-017   1.8740664403393872E-015  -1.6230951612129128E-035   1.7797095897829480E-040   0.0000000000000000        0.0000000000000000        2.1724708302326452E-033   7.1987183423014940E-032  -1.5203100968650233E-016  -8.4900362120058240E-031   9.9999997274356555E-017  -1.6963008266777219E-016   1.9250951173202597E-016  -8.5835520957547250E-046  -3.9765270292795995E-005   9.8067633955193837E-005   3.6702905883947558E-003  -2.8316267000112733E-022   3.1048538084025766E-027   0.0000000000000000        0.0000000000000000        2.3401671952879410E-020   1.2115835982360692E-018  -5.1163740914530821E-006  -1.1308672177851489E-016  -1.6963008266777229E-016   6.7962676184593521E-002 -0.15948784336994137        2.1489032750759288E-031   1.0292565411681424E-004  -1.8593844130956235E-004  -1.1217188219628272E-002   4.2710356159833363E-022  -4.6831530434621152E-027   0.0000000000000000        0.0000000000000000       -3.3384900789462284E-020  -1.9432064242624129E-018   3.8805785630927940E-005   1.2833967448801748E-016   1.9250951173202619E-016 -0.15948784336994135       0.39116209453069045       -1.4999999591153723E-016  -3.8518598887744717E-034   9.6296497219361793E-034   2.4651903288156619E-032  -2.0045735325691467E-050  -1.1521240701309895E-054   0.0000000000000000        0.0000000000000000        1.1118701193983534E-048   8.2107331894032250E-048  -4.8148248609680896E-035  -8.7581154020301067E-046  -1.7516230804060213E-045   3.9443045261050590E-031  -1.4999999591153753E-016   9.9999997274357824E-017
 # d
  -5.4841584990745567       -16203.969342861299        422.85962017917814        1.5759869499876715       -1.7280558498913695E-005   0.0000000000000000        0.0000000000000000        45.793133602386398       -254.50191500815342        61166.822534279665        53157.163506727018        79735.745260090553        626.02315774378781        253.37924418408812        380.06886627613221     
 # da
 -0.14435004227014436       -4.3903973460520183E-002  -1.2236600795036305        1.9059710907990175E-020  -2.0898805622765576E-025   0.0000000000000000        0.0000000000000000       -1.2107806186654699E-017  -7.2374878961031277E-017  0.29611562200577474        1.1409159340678965E-015   1.7113739011040472E-015   1.7854984271453134       -8.8020467525353918E-002   1.2621774483536189E-029
