 # iloop
           2
 # kfix
           0           0           0           1           1           1           1           1           1           0           0           1           0           0           1
 # fac
   1.0000000000000000E-002
 # chi2
   18694.475932795594        1154.3503469834980     
 # a
8645.09795  0.29901 25.01464  0.00010  0.44000  0.72000  0.26000  0.00000  0.10000  1.00082  0.00218  0.00000  1.01601  0.00146  0.00000
 # da
  -0.16292 -0.09607  1.40739 -0.00000  0.00000  0.00000  0.00000  0.00000 -0.00000  0.08499  0.21189  0.00000  1.57339  0.16476  0.00000
 # s
   0.12108  0.03285  1.70145  0.00000  0.00000  0.00000  0.00000  0.00000  0.00000  0.13497  0.13319  0.00000  0.29998  0.64826  0.00000
 # b
   68.220723939771233       -14.008938757450709       0.46065660206285819        1.3423112431025519E-003  -1.4718324894990306E-008   0.0000000000000000        0.0000000000000000       -7.2213782906715087        8.7260721523316089        20.490127775297310        11.378073631023087        17.067110446534599        9.2424159949522355E-002   2.1111585003157796E-002   3.1667377504736027E-002  -14.008938757450709        76210.828110659946       -509.54792899187328       -6.4434387057260505        7.0651739526989639E-005   0.0000000000000000        0.0000000000000000       -61.636148515173623        6.9438496004599335       -41832.709830831569       -17698.042295181938       -26547.063442772913       -577.66702352451000       -209.94553555248135       -314.91830332872206       0.46065660206285819       -509.54792899187328        21.283362311905794        5.2478101095292780E-002  -5.7541776973229895E-007   0.0000000000000000        0.0000000000000000        2.3748773784452166       -4.8102719269248020        1391.2681418640877        1020.0477321061345        1530.0715981592014        5.3052635583167849        2.3917241227881720        3.5875861841822574        1.3423112431025519E-003  -6.4434387057260505        5.2478101095292780E-002   10000000272564224.       -6.0298766298619129E-009   0.0000000000000000        0.0000000000000000        6.2237580310962829E-003  -3.9059059338820449E-003   4.2629273452585172        2.1149821558342317        3.1724732337513482        4.9454394134612847E-002   1.8186413297569332E-002   2.7279619946353993E-002  -1.4718324894990306E-008   7.0651739526989639E-005  -5.7541776973229895E-007  -6.0298766298619129E-009   10000000272564224.        0.0000000000000000        0.0000000000000000       -6.8242960222662077E-008   4.2827915537137421E-008  -4.6742623958234541E-005  -2.3190593594913942E-005  -3.4785890392370911E-005  -5.4226308845907472E-007  -1.9941242462478975E-007  -2.9911863693718459E-007   0.0000000000000000        0.0000000000000000        0.0000000000000000        0.0000000000000000        0.0000000000000000        10000000272564224.        0.0000000000000000        0.0000000000000000        0.0000000000000000        0.0000000000000000        0.0000000000000000        0.0000000000000000        0.0000000000000000        0.0000000000000000        0.0000000000000000        0.0000000000000000        0.0000000000000000        0.0000000000000000        0.0000000000000000        0.0000000000000000        0.0000000000000000        10000000272564224.        0.0000000000000000        0.0000000000000000        0.0000000000000000        0.0000000000000000        0.0000000000000000        0.0000000000000000        0.0000000000000000        0.0000000000000000       -7.2213782906715087       -61.636148515173623        2.3748773784452166        6.2237580310962829E-003  -6.8242960222662077E-008   0.0000000000000000        0.0000000000000000        10000000272564226.       -3.3260829132009206        140.37786663372006        97.340134872264613        146.01020230839683       0.65547073366846809       0.29596491072907916       0.44394736609361873        8.7260721523316089        6.9438496004599335       -4.8102719269248020       -3.9059059338820449E-003   4.2827915537137421E-008   0.0000000000000000        0.0000000000000000       -3.3260829132009206        10000000272564232.       -836.13491969030974       -789.55732976098579       -1184.3359946414785       0.14148192679302055        5.1109196544926225E-002   7.6663794817389247E-002   20.490127775297310       -41832.709830831569        1391.2681418640877        4.2629273452585172       -4.6742623958234541E-005   0.0000000000000000        0.0000000000000000        140.37786663372006       -836.13491969030974        206118.23690409772        181085.43825449282        271628.15738173929        0.0000000000000000        0.0000000000000000        0.0000000000000000        11.378073631023087       -17698.042295181938        1020.0477321061345        2.1149821558342317       -2.3190593594913942E-005   0.0000000000000000        0.0000000000000000        97.340134872264613       -789.55732976098579        181085.43825449282        166356.00873026982        249534.01309540481        0.0000000000000000        0.0000000000000000        0.0000000000000000        17.067110446534599       -26547.063442772913        1530.0715981592014        3.1724732337513482       -3.4785890392370911E-005   0.0000000000000000        0.0000000000000000        146.01020230839683       -1184.3359946414785        271628.15738173929        249534.01309540481        10000000272938526.        0.0000000000000000        0.0000000000000000        0.0000000000000000        9.2424159949522355E-002  -577.66702352451000        5.3052635583167849        4.9454394134612847E-002  -5.4226308845907472E-007   0.0000000000000000        0.0000000000000000       0.65547073366846809       0.14148192679302055        0.0000000000000000        0.0000000000000000        0.0000000000000000        347.38314529130690        141.40960002804414        212.11440004206619        2.1111585003157796E-002  -209.94553555248135        2.3917241227881720        1.8186413297569332E-002  -1.9941242462478975E-007   0.0000000000000000        0.0000000000000000       0.29596491072907916        5.1109196544926225E-002   0.0000000000000000        0.0000000000000000        0.0000000000000000        141.40960002804414        60.134098320986041        90.201147481479055        3.1667377504736027E-002  -314.91830332872206        3.5875861841822574        2.7279619946353993E-002  -2.9911863693718459E-007   0.0000000000000000        0.0000000000000000       0.44394736609361873        7.6663794817389247E-002   0.0000000000000000        0.0000000000000000        0.0000000000000000        212.11440004206619        90.201147481479055        10000000272564360.     
 # c
   1.0000000000000000       -3.5657652850865588E-003   1.8698244558229560E-003   2.1795690950659788E-014  -2.3898783711376734E-019   0.0000000000000000        0.0000000000000000        8.8093760682754154E-009  -1.0604716380716585E-008  -3.7198058750438421E-003   3.8009959682916931E-003  -8.2385060757156886E-023  -3.1427738811887246E-003   2.5283573334314371E-003   4.6683324846814358E-025  -3.5657652850865865E-003   1.0000000000000000      -0.97154918539439106        2.6064546126538147E-011  -2.8579545921415216E-016   0.0000000000000000        0.0000000000000000       -3.7968391101044932E-010  -5.5198227568980094E-009  0.99257989841920946      -0.99254278175984989        2.5268550012953612E-020  0.50075575010366380      -0.26659626153978599        5.1824850851346977E-023   1.8698244558229859E-003 -0.97154918539439161        1.0000000000000000       -4.0688036292020374E-012   4.4614074460152942E-017   0.0000000000000000        0.0000000000000000       -3.0461739084211968E-010   6.0465836042961122E-009 -0.98641114264074403       0.98425621024336263       -2.4548550478585565E-020 -0.47967095177620378       0.24571522722828820       -4.8763333008743941E-023   2.1795690950659494E-014   2.6064546126538183E-011  -4.0688036292019865E-012  0.99999999999999989        1.1166517863836490E-029   0.0000000000000000        0.0000000000000000       -3.7374614687986961E-022   5.2133204747056038E-021   1.3649517619642509E-012  -1.4576535785709621E-012   4.3502080494817499E-033   6.2767119869966418E-013  -3.1293568335266086E-013   9.1662337735769170E-034  -2.3898783711379349E-019  -2.8579545921414452E-016   4.4614074460145084E-017   1.1166517863807814E-029  0.99999999999999989        0.0000000000000000        0.0000000000000000        4.0980936770585017E-027  -5.7163601156565849E-026  -1.4966576195919724E-017   1.5983043473673285E-017  -1.0117205091591345E-036  -6.8823595698376050E-018   3.4313122850423976E-018  -1.1704636046437556E-038   0.0000000000000000        0.0000000000000000        0.0000000000000000        0.0000000000000000        0.0000000000000000       0.99999999999999989        0.0000000000000000        0.0000000000000000        0.0000000000000000        0.0000000000000000        0.0000000000000000        0.0000000000000000        0.0000000000000000        0.0000000000000000        0.0000000000000000        0.0000000000000000        0.0000000000000000        0.0000000000000000        0.0000000000000000        0.0000000000000000        0.0000000000000000       0.99999999999999989        0.0000000000000000        0.0000000000000000        0.0000000000000000        0.0000000000000000        0.0000000000000000        0.0000000000000000        0.0000000000000000        0.0000000000000000        8.8093760682754170E-009  -3.7968391101043717E-010  -3.0461739084213101E-010  -3.7374614687985631E-022   4.0980936770607445E-027   0.0000000000000000        0.0000000000000000        1.0000000000000002        1.9602578339922180E-016  -4.0233911979380340E-010   4.1322602786813794E-010  -6.1200312264720961E-030  -1.9150037378371554E-010   9.6521670787445610E-011  -1.7836801433279190E-032  -1.0604716380716585E-008  -5.5198227568980201E-009   6.0465836042961188E-009   5.2133204747055376E-021  -5.7163601156515684E-026   0.0000000000000000        0.0000000000000000        1.9602578339922188E-016   1.0000000000000002       -5.9314462718309535E-009   6.2813301661311663E-009  -1.9841096739310202E-028  -2.7162005099263960E-009   1.3356633654152154E-009  -2.6938690046981389E-031  -3.7198058750438716E-003  0.99257989841920991      -0.98641114264074381        1.3649517619641931E-012  -1.4966576195927649E-017   0.0000000000000000        0.0000000000000000       -4.0233911979381534E-010  -5.9314462718309444E-009   1.0000000000000000      -0.99975815312476313        2.5346647734121617E-020  0.49435048278149318      -0.25938733653211959        5.0815272106759230E-023   3.8009959682917204E-003 -0.99254278175985011       0.98425621024336230       -1.4576535785710005E-012   1.5983043473681472E-017   0.0000000000000000        0.0000000000000000        4.1322602786815127E-010   6.2813301661311547E-009 -0.99975815312476302        1.0000000000000000       -1.1262048301894273E-007 -0.49459022093128713       0.25987972641418777       -5.0873284691469535E-023   0.0000000000000000        3.8428102754894773E-020   0.0000000000000000        5.4738222754656247E-032  -1.6704779893388747E-036   0.0000000000000000        0.0000000000000000        0.0000000000000000        0.0000000000000000        0.0000000000000000       -1.1262048301897210E-007   1.0000000000000002        3.3660470061970817E-020  -1.5576113112730459E-020   0.0000000000000000       -3.1427738811887385E-003  0.50075575010366369      -0.47967095177620345        6.2767119869968831E-013  -6.8823595698415840E-018   0.0000000000000000        0.0000000000000000       -1.9150037378372180E-010  -2.7162005099263906E-009  0.49435048278149296      -0.49459022093128679        1.2653495423917880E-020   1.0000000000000000      -0.94951830764207112        9.6986041050819026E-023   2.5283573334314432E-003 -0.26659626153978566       0.24571522722828787       -3.1293568335266748E-013   3.4313122850444125E-018   0.0000000000000000        0.0000000000000000        9.6521670787448440E-011   1.3356633654152115E-009 -0.25938733653211937       0.25987972641418750       -6.7367497393300945E-021 -0.94951830764207101        1.0000000000000000       -2.3138752263744973E-008   6.3623845363576352E-025   3.7527444096576927E-023  -4.6363919302180635E-023   8.2855708271208186E-034  -7.3409677265868518E-039   0.0000000000000000        0.0000000000000000       -4.1053667065992196E-032  -3.2842933652793757E-031   0.0000000000000000       -5.5526186626401848E-023   2.3896379318316581E-042   1.3148621117957350E-022  -2.3138752263744937E-008   1.0000000000000002     
 # d
  -4.8189160468567307       -16285.059034571028        421.95180421431564        1.5838725054938863       -1.7367022922507210E-005   0.0000000000000000        0.0000000000000000        44.241405816260347       -247.07742851523400        61861.464115536684        53773.410979530170        80660.116469295303        632.81425042741955        255.93170990062174        383.89756485093267     
 # da
 -0.16291646193453355       -9.6066893422367405E-002   1.4073942810590836       -2.2448390244376505E-021   2.4614462754629914E-026   0.0000000000000000        0.0000000000000000        1.6524902569204327E-017  -8.8193412792643075E-018   8.4990000721877124E-002  0.21188899702843589        1.5340958200348163E-027   1.5733905713449161       0.16476016069876134        6.3108872417680944E-030
