 # iloop
           3
 # kfix
           0           0           0           1           1           1           1           1           1           0           0           1           0           0           1
 # fac
   1.0000000000000000E-002
 # chi2
   18322.354952105899        1131.3433304896553     
 # a
8645.09632  0.29805 25.02871  0.00010  0.44000  0.72000  0.26000  0.00000  0.10000  1.00167  0.00430  0.00000  1.03174  0.00311  0.00000
 # da
  -0.15971 -0.09350  1.35330 -0.00000  0.00000  0.00000  0.00000  0.00000 -0.00000  0.08784  0.20609  0.00000  1.54685  0.18239  0.00000
 # s
   0.12051  0.03256  1.69408  0.00000  0.00000  0.00000  0.00000  0.00000  0.00000  0.13425  0.13247  0.00000  0.29952  0.64675  0.00000
 # b
   68.875429223009036       -13.830969368091942       0.45963535669973238        1.3304641256946278E-003  -1.4588422293060167E-008   0.0000000000000000        0.0000000000000000       -7.2712892847410595        8.7908961951067717        20.349889516431521        11.303763267132808        16.955644900699173        9.3446581379525551E-002   2.1372778785456736E-002   3.2059168178185216E-002  -13.830969368091942        77152.014546551931       -513.07371808215635       -6.5394179479798309        7.1704143489129544E-005   0.0000000000000000        0.0000000000000000       -62.019783717951725        7.0040308799362005       -42093.521179360214       -17759.856247358941       -26639.784371038430       -590.32618364278949       -213.99964503950716       -320.99946755926078       0.45963535669973238       -513.07371808215635        21.404051343075182        5.2945506048062786E-002  -5.8054282399057645E-007   0.0000000000000000        0.0000000000000000        2.3858718363026030       -4.8397809024892799        1395.6716612256439        1022.4593797056936        1533.6890695585403        5.4141144811478563        2.4368532206398363        3.6552798309597545        1.3304641256946278E-003  -6.5394179479798309        5.2945506048062786E-002   10000000272564224.       -6.1344539640947379E-009   0.0000000000000000        0.0000000000000000        6.2748163289130200E-003  -3.9323906428604923E-003   4.2963961008107567        2.1256708307614005        3.1885062461421008        5.0670600423567892E-002   1.8586434343690724E-002   2.7879651515536081E-002  -1.4588422293060167E-008   7.1704143489129544E-005  -5.8054282399057645E-007  -6.1344539640947379E-009   10000000272564224.        0.0000000000000000        0.0000000000000000       -6.8802809974136269E-008   4.3118318045122892E-008  -4.7109605923542588E-005  -2.3307793976780209E-005  -3.4961690965170313E-005  -5.5559868360673670E-007  -2.0379862026451344E-007  -3.0569793039677019E-007   0.0000000000000000        0.0000000000000000        0.0000000000000000        0.0000000000000000        0.0000000000000000        10000000272564224.        0.0000000000000000        0.0000000000000000        0.0000000000000000        0.0000000000000000        0.0000000000000000        0.0000000000000000        0.0000000000000000        0.0000000000000000        0.0000000000000000        0.0000000000000000        0.0000000000000000        0.0000000000000000        0.0000000000000000        0.0000000000000000        0.0000000000000000        10000000272564224.        0.0000000000000000        0.0000000000000000        0.0000000000000000        0.0000000000000000        0.0000000000000000        0.0000000000000000        0.0000000000000000        0.0000000000000000       -7.2712892847410595       -62.019783717951725        2.3858718363026030        6.2748163289130200E-003  -6.8802809974136269E-008   0.0000000000000000        0.0000000000000000        10000000272564226.       -3.3453509918317379        140.65463565397528        97.426952097368059        146.14042814605210       0.66809327040675948       0.30115212547148495       0.45172818820722738        8.7908961951067717        7.0040308799362005       -4.8397809024892799       -3.9323906428604923E-003   4.3118318045122892E-008   0.0000000000000000        0.0000000000000000       -3.3453509918317379        10000000272564232.       -839.22641641124869       -792.34201561089287       -1188.5130234163396       0.14354679887622354        5.1662536245983950E-002   7.7493804368975946E-002   20.349889516431521       -42093.521179360214        1395.6716612256439        4.2963961008107567       -4.7109605923542588E-005   0.0000000000000000        0.0000000000000000        140.65463565397528       -839.22641641124869        206237.86959333727        181116.78545123988        271675.17817685968        0.0000000000000000        0.0000000000000000        0.0000000000000000        11.303763267132808       -17759.856247358941        1022.4593797056936        2.1256708307614005       -2.3307793976780209E-005   0.0000000000000000        0.0000000000000000        97.426952097368059       -792.34201561089287        181116.78545123988        166356.00873026982        249534.01309540481        0.0000000000000000        0.0000000000000000        0.0000000000000000        16.955644900699173       -26639.784371038430        1533.6890695585403        3.1885062461421008       -3.4961690965170313E-005   0.0000000000000000        0.0000000000000000        146.14042814605210       -1188.5130234163396        271675.17817685968        249534.01309540481        10000000272938526.        0.0000000000000000        0.0000000000000000        0.0000000000000000        9.3446581379525551E-002  -590.32618364278949        5.4141144811478563        5.0670600423567892E-002  -5.5559868360673670E-007   0.0000000000000000        0.0000000000000000       0.66809327040675948       0.14354679887622354        0.0000000000000000        0.0000000000000000        0.0000000000000000        348.62605132537055        141.64163589963164        212.46245384944746        2.1372778785456736E-002  -213.99964503950716        2.4368532206398363        1.8586434343690724E-002  -2.0379862026451344E-007   0.0000000000000000        0.0000000000000000       0.30115212547148495        5.1662536245983950E-002   0.0000000000000000        0.0000000000000000        0.0000000000000000        141.64163589963164        60.134098320986041        90.201147481479055        3.2059168178185216E-002  -320.99946755926078        3.6552798309597545        2.7879651515536081E-002  -3.0569793039677019E-007   0.0000000000000000        0.0000000000000000       0.45172818820722738        7.7493804368975946E-002   0.0000000000000000        0.0000000000000000        0.0000000000000000        212.46245384944746        90.201147481479055        10000000272564360.     
 # c
   1.0000000000000000       -3.4905811812451903E-003   1.7933463510084460E-003   2.1888840303930161E-014  -2.4000921159189011E-019   0.0000000000000000        0.0000000000000000        8.8272951939881092E-009  -1.0632739370423206E-008  -3.6329893504929169E-003   3.7140245615425050E-003  -1.1992014892682583E-021  -3.1184635404036464E-003   2.5197177541411730E-003  -1.1498845405154173E-025  -3.4905811812451209E-003  0.99999999999999978      -0.97147746134720581        2.6351986965477273E-011  -2.8894722276923744E-016   0.0000000000000000        0.0000000000000000       -3.7946443983663558E-010  -5.5377355365672070E-009  0.99254525188607046      -0.99250643817280126        3.3591516772425563E-019  0.50593817584046674      -0.26960060839759331       -8.1137912946081256E-024   1.7933463510083712E-003 -0.97147746134720425        1.0000000000000002       -4.0828536189282509E-012   4.4768131363588312E-017   0.0000000000000000        0.0000000000000000       -3.0706628803404653E-010   6.0659757992335602E-009 -0.98638214652306100       0.98421319647463179       -3.3329807074481415E-019 -0.48459892744979061       0.24840606244109009        8.3522457807585630E-024   2.1888840303930458E-014   2.6351986965477153E-011  -4.0828536189281257E-012  0.99999999999999989        1.1215113174935976E-029   0.0000000000000000        0.0000000000000000       -3.7459522888536849E-022   5.2438651469007098E-021   1.3667656680758728E-012  -1.4601417595924673E-012   6.2449558518343337E-031   6.3510164779726794E-013  -3.1691759346511024E-013   7.3626718439130495E-034  -2.4000921159189829E-019  -2.8894722276923566E-016   4.4768131363586487E-017   1.1215113174939163E-029  0.99999999999999989        0.0000000000000000        0.0000000000000000        4.1074037866870757E-027  -5.7498520804628705E-026  -1.4986465517136768E-017   1.6010326160060132E-017  -6.5186318128424234E-036  -6.9638337916319909E-018   3.4749735797242570E-018   3.7395606405061331E-040   0.0000000000000000        0.0000000000000000        0.0000000000000000        0.0000000000000000        0.0000000000000000       0.99999999999999989        0.0000000000000000        0.0000000000000000        0.0000000000000000        0.0000000000000000        0.0000000000000000        0.0000000000000000        0.0000000000000000        0.0000000000000000        0.0000000000000000        0.0000000000000000        0.0000000000000000        0.0000000000000000        0.0000000000000000        0.0000000000000000        0.0000000000000000       0.99999999999999989        0.0000000000000000        0.0000000000000000        0.0000000000000000        0.0000000000000000        0.0000000000000000        0.0000000000000000        0.0000000000000000        0.0000000000000000        8.8272951939881109E-009  -3.7946443983664820E-010  -3.0706628803403614E-010  -3.7459522888518145E-022   4.1074037866872795E-027   0.0000000000000000        0.0000000000000000        1.0000000000000002        1.9731191016049483E-016  -4.0216395708856810E-010   4.1314218964593932E-010  -1.4137873396205640E-028  -1.9336709906921249E-010   9.7517103499833105E-011   8.6139268762292796E-033  -1.0632739370423206E-008  -5.5377355365672087E-009   6.0659757992335718E-009   5.2438651468994392E-021  -5.7498520804615251E-026   0.0000000000000000        0.0000000000000000        1.9731191016049476E-016   1.0000000000000002       -5.9509838720743565E-009   6.3040071555540152E-009  -2.0096942626730274E-027  -2.7538103082426320E-009   1.3552650370612265E-009   5.0507099525150661E-032  -3.6329893504928453E-003  0.99254525188607035      -0.98638214652306222        1.3667656680759895E-012  -1.4986465517138922E-017   0.0000000000000000        0.0000000000000000       -4.0216395708855564E-010  -5.9509838720743524E-009   1.0000000000000000      -0.99975560490120130        3.3828147791089663E-019  0.49944650002895696      -0.26227286806871469       -8.2382638540017600E-024   3.7140245615424339E-003 -0.99250643817280093       0.98421319647463279       -1.4601417595926198E-012   1.6010326160062190E-017   0.0000000000000000        0.0000000000000000        4.1314218964592587E-010   6.3040071555540119E-009 -0.99975560490120130        1.0000000000000000       -1.1323293365510334E-007 -0.49968873108979300       0.26277427872380799        8.2201372126489460E-024  -1.4729134928492040E-021   3.4886020187625310E-019  -3.8146566589104575E-019   6.0212045030121872E-031  -7.5171509520249363E-036   0.0000000000000000        0.0000000000000000       -1.4012985025192004E-028  -2.2420776040307206E-027   3.7607628298962342E-019  -1.1323293365516320E-007   1.0000000000000002        2.0227439760683324E-019  -9.3675934122177293E-020  -3.1861839091088773E-042  -3.1184635404036135E-003  0.50593817584046730      -0.48459892744979199        6.3510164779730005E-013  -6.9638337916326350E-018   0.0000000000000000        0.0000000000000000       -1.9336709906920654E-010  -2.7538103082426345E-009  0.49944650002895769      -0.49968873108979378        1.6909696283925373E-019   1.0000000000000000      -0.94874130078459418       -4.0471969973380486E-024   2.5197177541411583E-003 -0.26960060839759414       0.24840606244109142       -3.1691759346515583E-013   3.4749735797247731E-018   0.0000000000000000        0.0000000000000000        9.7517103499830429E-011   1.3552650370612316E-009 -0.26227286806871558       0.26277427872380898       -8.8890678824028752E-020 -0.94874130078459395        1.0000000000000002       -2.3193037281301346E-008  -6.3928537016024486E-025   1.8926877271932133E-023  -4.6565633043340546E-023   1.0156506175180358E-033   6.5253046458549794E-039   0.0000000000000000        0.0000000000000000       -1.3684555688664064E-032  -3.2842933652793757E-031   1.8363099755352706E-023  -1.8609382703835346E-023   1.2744735636435509E-041   6.5844530470974365E-023  -2.3193037281301408E-008   1.0000000000000002     
 # d
  -4.8197538581789168       -16215.183196432698        418.99353081500539        1.5800565446770216       -1.7325181247278925E-005   0.0000000000000000        0.0000000000000000        43.879117867337740       -245.48311948056337        61262.952526177614        53235.616858919362        79853.425288379047        627.61027680201300        253.36830645004636        380.05245967506954     
 # da
 -0.15971496403654925       -9.3495219537334862E-002   1.3533001595069010       -2.1605193987898322E-021   2.3689905464950114E-026   0.0000000000000000        0.0000000000000000        1.6852947548074002E-017  -9.6184892646694428E-018   8.7837429565282399E-002  0.20609074186832466        9.5499109649477408E-028   1.5468462731457038       0.18239478181610008        0.0000000000000000     
