 # iloop
           2
 # kfix
           0           0           0           1           1           1           1           1           1           0           0           1
 # fac
   1.0000000000000000E-002
 # chi2
   132293.79908741647     
 # a
8645.09819  0.29897 25.01748  0.00010  0.44000  0.72000  0.26000  0.00000  0.00000  1.00062  0.00235  0.00000
 # da
  -0.13962 -0.10035  1.69276 -0.00000  0.00000  0.00000  0.00000 -0.00000  0.00000  0.06506  0.22883  0.00000
 # s
   0.04433  0.01299  0.66221  0.00000  0.00000  0.00000  0.00000  0.00000  0.00000  0.05294  0.05222  0.00000
 # b
   508.91187894827306       -131.36717721856289        1.7846618028102945        1.1533005080342796E-002  -1.2645838784432322E-007   0.0000000000000000        0.0000000000000000       -52.830227206538460        63.648930375436358        106.37851533310116        52.247085393987973        78.370628090982621       -131.36717721856289        540658.12235609826       -3806.3970030134101       -45.796374751751515        5.0215322718376982E-004   0.0000000000000000        0.0000000000000000       -445.95958955322828        51.138614751801256       -307249.24012054520       -130308.58779947220       -195462.88169920837        1.7846618028102945       -3806.3970030134101        155.10035765902651       0.38989516205433400       -4.2751662102126283E-006   0.0000000000000000        0.0000000000000000        17.877087853306026       -36.730055308382767        10290.376087637653        7552.1849771724847        11328.277465758725        1.1533005080342796E-002  -45.796374751751515       0.38989516205433400        10000000272564224.       -4.2940233992388153E-008   0.0000000000000000        0.0000000000000000        4.5378375032918979E-002  -2.9482633547790744E-002   31.305640446182057        15.553920036257752        23.330880054386636       -1.2645838784432322E-007   5.0215322718376982E-004  -4.2751662102126283E-006  -4.2940233992388153E-008   10000000272564224.        0.0000000000000000        0.0000000000000000       -4.9756989697670657E-007   3.2327448760195559E-007  -3.4326359814111423E-004  -1.7054736720762857E-004  -2.5582105081144293E-004   0.0000000000000000        0.0000000000000000        0.0000000000000000        0.0000000000000000        0.0000000000000000        10000000272564224.        0.0000000000000000        0.0000000000000000        0.0000000000000000        0.0000000000000000        0.0000000000000000        0.0000000000000000        0.0000000000000000        0.0000000000000000        0.0000000000000000        0.0000000000000000        0.0000000000000000        0.0000000000000000        10000000272564224.        0.0000000000000000        0.0000000000000000        0.0000000000000000        0.0000000000000000        0.0000000000000000       -52.830227206538460       -445.95958955322828        17.877087853306026        4.5378375032918979E-002  -4.9756989697670657E-007   0.0000000000000000        0.0000000000000000        10000000272564244.       -25.472867588912276        1088.4505467764031        768.88286246647976        1153.3242936997156        63.648930375436358        51.138614751801256       -36.730055308382767       -2.9482633547790744E-002   3.2327448760195559E-007   0.0000000000000000        0.0000000000000000       -25.472867588912276        10000000272564286.       -6323.8323531880524       -5971.2032547784147       -8956.8048821676202        106.37851533310116       -307249.24012054520        10290.376087637653        31.305640446182057       -3.4326359814111423E-004   0.0000000000000000        0.0000000000000000        1088.4505467764031       -6323.8323531880524        1477122.8997946938        1292749.2272493790        1939123.8408740687        52.247085393987973       -130308.58779947220        7552.1849771724847        15.553920036257752       -1.7054736720762857E-004   0.0000000000000000        0.0000000000000000        768.88286246647976       -5971.2032547784147        1292749.2272493790        1184156.6344864103        1776234.9517296127        78.370628090982621       -195462.88169920837        11328.277465758725        23.330880054386636       -2.5582105081144293E-004   0.0000000000000000        0.0000000000000000        1153.3242936997156       -8956.8048821676202        1939123.8408740687        1776234.9517296127        10000000275228576.     
 # c
   1.9651319851950655E-003  -7.0418035432376337E-007   3.8664761247008871E-005   2.4689796518450893E-025  -2.7072145051082203E-030   0.0000000000000000        0.0000000000000000        1.0423471987396064E-017  -1.2520970619557329E-017  -4.4397576586699266E-006   4.4361164175664096E-006   1.2471537692303327E-030  -7.0418035432376877E-007   1.6864214894095710E-004  -8.3704293864106539E-003   8.5712277089868013E-021  -9.3982759079167642E-026   0.0000000000000000        0.0000000000000000       -5.7529775635743054E-020  -1.9572682480061260E-018   6.8285254125469391E-004  -6.7353125733263317E-004  -2.0940505860202869E-028   3.8664761247009122E-005  -8.3704293864106504E-003  0.43852206022321616       -6.9112689206048352E-020   7.5781456746772449E-025   0.0000000000000000        0.0000000000000000       -9.1937052661594551E-018   1.0797780071796903E-016  -3.4609601514534384E-002   3.4065590539635870E-002   1.0597254557474027E-026   2.4689796518322718E-025   8.5712277089870495E-021  -6.9112689206060919E-020   9.9999997274357837E-017   6.6999832636386680E-045   0.0000000000000000        0.0000000000000000        4.7121932468519510E-038   2.7932507300983647E-036   1.8689054393057697E-021  -1.9698083657554219E-021  -6.1790532215174347E-046  -2.7072145050827233E-030  -9.3982759079171545E-026   7.5781456746792285E-025   6.6999832635902380E-045   9.9999997274357837E-017   0.0000000000000000        0.0000000000000000       -5.1668785115427204E-043  -3.0627748944621251E-041  -2.0492384009212882E-026   2.1598775736148804E-026   7.1336441959994100E-051   0.0000000000000000        0.0000000000000000        0.0000000000000000        0.0000000000000000        0.0000000000000000        9.9999997274357837E-017   0.0000000000000000        0.0000000000000000        0.0000000000000000        0.0000000000000000        0.0000000000000000        0.0000000000000000        0.0000000000000000        0.0000000000000000        0.0000000000000000        0.0000000000000000        0.0000000000000000        0.0000000000000000        9.9999997274357837E-017   0.0000000000000000        0.0000000000000000        0.0000000000000000        0.0000000000000000        0.0000000000000000        1.0423471987396064E-017  -5.7529775635736482E-020  -9.1937052661597771E-018   4.7121932468583656E-038  -5.1668785115427204E-043   0.0000000000000000        0.0000000000000000        9.9999997274357689E-017   1.5186570352349830E-031  -2.4467414498027176E-019   2.5402498443609220E-019   1.1421595817156003E-043  -1.2520970619557327E-017  -1.9572682480061849E-018   1.0797780071797205E-016   2.7932507301006098E-036  -3.0627748944666030E-041   0.0000000000000000        0.0000000000000000        1.5186570352349841E-031   9.9999997274357615E-017  -8.5485906618394787E-018   8.9333125126500943E-018   2.7546019002353079E-042  -4.4397576586699486E-006   6.8285254125469391E-004  -3.4609601514534391E-002   1.8689054393050084E-021  -2.0492384009197729E-026   0.0000000000000000        0.0000000000000000       -2.4467414498030166E-019  -8.5485906618392321E-018   2.8024203479919347E-003  -2.7635422114569044E-003  -8.5933912178764955E-028   4.4361164175664316E-006  -6.7353125733263317E-004   3.4065590539635877E-002  -1.9698083657545466E-021   2.1598775736133981E-026   0.0000000000000000        0.0000000000000000        2.5402498443612085E-019   8.9333125126498477E-018  -2.7635422114569044E-003   2.7264385339229816E-003  -1.4999999591068901E-016   1.1832913578315177E-030  -2.0194839173657902E-028   9.6935228033557931E-027  -5.6927750113195694E-046   6.0137205977074402E-051   0.0000000000000000        0.0000000000000000        1.1210387714598537E-043   2.8698592549372254E-042  -8.0779356694631609E-028  -1.4999999591070094E-016   9.9999997274357837E-017
 # d
  -35.973979422832357       -110491.43017666164        3041.9871015839776        10.850188372631377       -1.1897136261119210E-004   0.0000000000000000        0.0000000000000000        327.97109275285180       -1852.0680078228604        440166.32400670036        380936.77105518908        571405.15658278309     
 # da
 -0.13962196211243971      -0.10035457088559951        1.6927643987546617       -1.1519561882229928E-020   1.2631098434310098E-025   0.0000000000000000        0.0000000000000000       -1.1831267014338933E-016   1.9757474421434079E-016   6.5060624654961430E-002  0.22883447466598228        6.4623485355705287E-027
