 # iloop
           3
 # kfix
           0           0           0           1           1           1           1           1           1           0           0           1
 # fac
   1.0000000000000000E-002
 # chi2
   129665.21376815680     
 # a
8645.09679  0.29797 25.03440  0.00010  0.44000  0.72000  0.26000  0.00000  0.00000  1.00127  0.00463  0.00000
 # da
  -0.13692 -0.09783  1.63984 -0.00000  0.00000  0.00000  0.00000 -0.00000  0.00000  0.06773  0.22324  0.00000
 # s
   0.04411  0.01288  0.65964  0.00000  0.00000  0.00000  0.00000  0.00000  0.00000  0.05267  0.05194  0.00000
 # b
   513.89106541471392       -130.95045669495838        1.7702331762831287        1.1524006622898708E-002  -1.2635972054871910E-007   0.0000000000000000        0.0000000000000000       -53.186383976295772        64.112403910937005        105.48260894941234        51.718176638495343        77.577264957741519       -130.95045669495838        546881.93615541409       -3833.3288959212837       -46.446912109296868        5.0928631217719573E-004   0.0000000000000000        0.0000000000000000       -448.65745081437689        51.453385983164317       -309191.15454144962       -130770.05879193220       -196155.08818789831        1.7702331762831287       -3833.3288959212837        155.90726384006408       0.39343282925851780       -4.3139564204184101E-006   0.0000000000000000        0.0000000000000000        17.953831131965753       -36.959428760132447        10322.987198390845        7569.5583843572131        11354.337576535812        1.1524006622898708E-002  -46.446912109296868       0.39343282925851780        10000000272564224.       -4.3661656819725849E-008   0.0000000000000000        0.0000000000000000        4.5745451991654598E-002  -2.9676155698382996E-002   31.557052902620718        15.634345764772915        23.451518647159347       -1.2635972054871910E-007   5.0928631217719573E-004  -4.3139564204184101E-006  -4.3661656819725849E-008   10000000272564224.        0.0000000000000000        0.0000000000000000       -5.0159486359149104E-007   3.2539644098752908E-007  -3.4602031364619956E-004  -1.7142922825757887E-004  -2.5714384238636800E-004   0.0000000000000000        0.0000000000000000        0.0000000000000000        0.0000000000000000        0.0000000000000000        10000000272564224.        0.0000000000000000        0.0000000000000000        0.0000000000000000        0.0000000000000000        0.0000000000000000        0.0000000000000000        0.0000000000000000        0.0000000000000000        0.0000000000000000        0.0000000000000000        0.0000000000000000        0.0000000000000000        10000000272564224.        0.0000000000000000        0.0000000000000000        0.0000000000000000        0.0000000000000000        0.0000000000000000       -53.186383976295772       -448.65745081437689        17.953831131965753        4.5745451991654598E-002  -5.0159486359149104E-007   0.0000000000000000        0.0000000000000000        10000000272564244.       -25.626920830663501        1090.7303213194407        769.67997304033304        1154.5199595604990        64.112403910937005        51.453385983164317       -36.959428760132447       -2.9676155698382996E-002   3.2539644098752908E-007   0.0000000000000000        0.0000000000000000       -25.626920830663501        10000000272564286.       -6348.8030659758469       -5993.7369279927971       -8990.6053919891965        105.48260894941234       -309191.15454144962        10322.987198390845        31.557052902620718       -3.4602031364619956E-004   0.0000000000000000        0.0000000000000000        1090.7303213194407       -6348.8030659758469        1478089.2466795084        1293007.8992564958        1939511.8488847439        51.718176638495343       -130770.05879193220        7569.5583843572131        15.634345764772915       -1.7142922825757887E-004   0.0000000000000000        0.0000000000000000        769.67997304033304       -5993.7369279927971        1293007.8992564958        1184156.6344864103        1776234.9517296127        77.577264957741519       -196155.08818789831        11354.337576535812        23.451518647159347       -2.5714384238636800E-004   0.0000000000000000        0.0000000000000000        1154.5199595604990       -8990.6053919891965        1939511.8488847439        1776234.9517296127        10000000275228576.     
 # c
   1.9460868623097170E-003  -6.6266971295297491E-007   3.6743174773625711E-005   2.7366197732038222E-025  -3.0006795474162915E-030   0.0000000000000000        0.0000000000000000        1.0391385721230422E-017  -1.2490008987876252E-017  -4.2469409243217791E-006   4.2442806875009362E-006   1.7381219151908229E-030  -6.6266971295295712E-007   1.6589439585207663E-004  -8.2691348932287696E-003   8.5920150791124716E-021  -9.4210690767035861E-026   0.0000000000000000        0.0000000000000000       -5.7132768947668225E-020  -1.9472558618953007E-018   6.7376610744839872E-004  -6.6452116445731306E-004  -2.2845036236835160E-028   3.6743174773624830E-005  -8.2691348932287714E-003  0.43512300516915087       -6.9057369891831156E-020   7.5720799604800350E-025   0.0000000000000000        0.0000000000000000       -9.1924088660446012E-018   1.0789428827761556E-016  -3.4297201132245013E-002   3.3755252197085542E-002   1.1617446718610133E-026   2.7366197732067656E-025   8.5920150791124370E-021  -6.9057369891828748E-020   9.9999997274357837E-017   6.7249168647032617E-045   0.0000000000000000        0.0000000000000000        4.7555372238727803E-038   2.8092451933284510E-036   1.8611377486531823E-021  -1.9622304859480831E-021  -4.7000297518903585E-046  -3.0006795474271922E-030  -9.4210690767034748E-026   7.5720799604793518E-025   6.7249168646777722E-045   9.9999997274357837E-017   0.0000000000000000        0.0000000000000000       -5.2144048014161953E-043  -3.0803126828709672E-041  -2.0407211963570318E-026   2.1515684949753253E-026   4.6272894663956781E-051   0.0000000000000000        0.0000000000000000        0.0000000000000000        0.0000000000000000        0.0000000000000000        9.9999997274357837E-017   0.0000000000000000        0.0000000000000000        0.0000000000000000        0.0000000000000000        0.0000000000000000        0.0000000000000000        0.0000000000000000        0.0000000000000000        0.0000000000000000        0.0000000000000000        0.0000000000000000        0.0000000000000000        9.9999997274357837E-017   0.0000000000000000        0.0000000000000000        0.0000000000000000        0.0000000000000000        0.0000000000000000        1.0391385721230423E-017  -5.7132768947667864E-020  -9.1924088660447106E-018   4.7555372238791949E-038  -5.2144048014129326E-043   0.0000000000000000        0.0000000000000000        9.9999997274357701E-017   1.5294681657659456E-031  -2.4359223377105149E-019   2.5298383259508643E-019   8.3726468357127015E-044  -1.2490008987876252E-017  -1.9472558618953038E-018   1.0789428827761574E-016   2.8092451933273926E-036  -3.0803126828689443E-041   0.0000000000000000        0.0000000000000000        1.5294681657659456E-031   9.9999997274357627E-017  -8.5317232170745933E-018   8.9179505188366720E-018   3.0436514563949871E-042  -4.2469409243217054E-006   6.7376610744839882E-004  -3.4297201132245006E-002   1.8611377486533959E-021  -2.0407211963575461E-026   0.0000000000000000        0.0000000000000000       -2.4359223377105799E-019  -8.5317232170745779E-018   2.7736928491595243E-003  -2.7350127088225486E-003  -9.4044835382123289E-028   4.2442806875008634E-006  -6.6452116445731328E-004   3.3755252197085535E-002  -1.9622304859483028E-021   2.1515684949758766E-026   0.0000000000000000        0.0000000000000000        2.5298383259509279E-019   8.9179505188366596E-018  -2.7350127088225495E-003   2.6981067373108812E-003  -1.4999999591060909E-016   1.8735446498999030E-030  -2.2719194070365140E-028   1.2924697071141057E-026  -4.8169634711165587E-046   4.6773382426613424E-051   0.0000000000000000        0.0000000000000000        8.4077907859489024E-044   3.2285916618043785E-042  -9.0876776281460560E-028  -1.4999999591059996E-016   9.9999997274357837E-017
 # d
  -35.957407284777688       -109901.93990015268        3019.4347864276128        10.814765827545736       -1.1858295751523751E-004   0.0000000000000000        0.0000000000000000        325.14735702848378       -1840.5385738933751        435924.58971506724        377126.94047972647        565690.41071958968     
 # da
 -0.13691732064239681       -9.7825327550197017E-002   1.6398373146275844       -1.1076515976265079E-020   1.2145302491967873E-025   0.0000000000000000        0.0000000000000000       -1.1661522100609819E-016   1.9367150670835518E-016   6.7730499690242141E-002  0.22324114449573018        6.4623485355705287E-026
