 # iloop
           2
 # kfix
           0           0           0           1           1           1           1           1           1           0           0           1           0           0           1
 # fac
  0.10000000000000001     
 # chi2
   15399.323129339820        950.30280137049635     
 # a
8645.08479  0.29037 25.13248  0.00010  0.44000  0.72000  0.26000  0.00000  0.00000  1.00926  0.02067  0.00000  1.16118  0.01340  0.00000
 # da
  -0.12020 -0.07173  0.81982 -0.00000  0.00000  0.00000  0.00000 -0.00000  0.00000  0.11778  0.15184 -0.00000  1.35265  0.29992  0.00000
 # s
   0.11585  0.03028  1.63105  0.00000  0.00000  0.00000  0.00000  0.00000  0.00000  0.12830  0.12647  0.00000  0.29586  0.63455  0.00000
 # b
   74.515046657840614       -9.5835456872746683       0.31006167445561988        9.4270887744959779E-004  -1.0336720049833405E-008   0.0000000000000000        0.0000000000000000       -7.7531446911339144        9.4275066247158872        13.041901242275229        6.4184692993530454        9.6277039490293923        8.7412560985252519E-002   1.8911725399760826E-002   2.8367588099640351E-002  -9.5835456872746683        85360.168316705211       -543.78707235567686       -7.3844063933763984        8.0969367583590373E-005   0.0000000000000000        0.0000000000000000       -65.809367876100580        8.3504489331397789       -44339.047854467033       -18317.133681396816       -27475.700522095212       -698.90960088324641       -248.18384572727862       -372.27576859091795       0.31006167445561988       -543.78707235567686        22.548099464345579        5.7030457590919868E-002  -6.2533395890582562E-007   0.0000000000000000        0.0000000000000000        2.5674156632098897       -5.2911889082749761        1445.1985869379657        1054.4481015019210        1581.6721522528808        6.3400978301575002        2.8170285559297268        4.2255428338945906        9.4270887744959779E-004  -7.3844063933763984        5.7030457590919868E-002   10000000272564224.       -7.0642475999675827E-009   0.0000000000000000        0.0000000000000000        6.7966861178862066E-003  -4.3467080936168160E-003   4.5887971781013848        2.2230469761825318        3.3345704642737974        6.1272345629717284E-002   2.2017193098332128E-002   3.3025789647498187E-002  -1.0336720049833405E-008   8.0969367583590373E-005  -6.2533395890582562E-007  -7.0642475999675827E-009   10000000272564224.        0.0000000000000000        0.0000000000000000       -7.4525066378123292E-008   4.7661272506117267E-008  -5.0315758056531760E-005  -2.4375514859470094E-005  -3.6563272289205142E-005  -6.7184588871644639E-007  -2.4141658871006747E-007  -3.6212488306510125E-007   0.0000000000000000        0.0000000000000000        0.0000000000000000        0.0000000000000000        0.0000000000000000        10000000272564224.        0.0000000000000000        0.0000000000000000        0.0000000000000000        0.0000000000000000        0.0000000000000000        0.0000000000000000        0.0000000000000000        0.0000000000000000        0.0000000000000000        0.0000000000000000        0.0000000000000000        0.0000000000000000        0.0000000000000000        0.0000000000000000        0.0000000000000000        10000000272564224.        0.0000000000000000        0.0000000000000000        0.0000000000000000        0.0000000000000000        0.0000000000000000        0.0000000000000000        0.0000000000000000        0.0000000000000000       -7.7531446911339144       -65.809367876100580        2.5674156632098897        6.7966861178862066E-003  -7.4525066378123292E-008   0.0000000000000000        0.0000000000000000        10000000272564226.       -3.6558826410765608        151.05244497858646        105.39870266994402        158.09805400491601       0.77518982580503160       0.34465175724820502       0.51697763587230749        9.4275066247158872        8.3504489331397789       -5.2911889082749761       -4.3467080936168160E-003   4.7661272506117267E-008   0.0000000000000000        0.0000000000000000       -3.6558826410765608        10000000272564232.       -902.82390658646352       -851.71243742858405       -1277.5686561428765       0.15920120689066508        5.5569696098376656E-002   8.3354544147564991E-002   13.041901242275229       -44339.047854467033        1445.1985869379657        4.5887971781013848       -5.0315758056531760E-005   0.0000000000000000        0.0000000000000000        151.05244497858646       -902.82390658646352        207364.01913367223        181443.36908346260        272165.05362519401        0.0000000000000000        0.0000000000000000        0.0000000000000000        6.4184692993530454       -18317.133681396816        1054.4481015019210        2.2230469761825318       -2.4375514859470094E-005   0.0000000000000000        0.0000000000000000        105.39870266994402       -851.71243742858405        181443.36908346260        166356.00873026982        249534.01309540481        0.0000000000000000        0.0000000000000000        0.0000000000000000        9.6277039490293923       -27475.700522095212        1581.6721522528808        3.3345704642737974       -3.6563272289205142E-005   0.0000000000000000        0.0000000000000000        158.09805400491601       -1277.5686561428765        272165.05362519401        249534.01309540481        10000000272938526.        0.0000000000000000        0.0000000000000000        0.0000000000000000        8.7412560985252519E-002  -698.90960088324641        6.3400978301575002        6.1272345629717284E-002  -6.7184588871644639E-007   0.0000000000000000        0.0000000000000000       0.77518982580503160       0.15920120689066508        0.0000000000000000        0.0000000000000000        0.0000000000000000        358.72542661369698        143.50267117769283        215.25400676653922        1.8911725399760826E-002  -248.18384572727862        2.8170285559297268        2.2017193098332128E-002  -2.4141658871006747E-007   0.0000000000000000        0.0000000000000000       0.34465175724820502        5.5569696098376656E-002   0.0000000000000000        0.0000000000000000        0.0000000000000000        143.50267117769283        60.134098320986041        90.201147481479055        2.8367588099640351E-002  -372.27576859091795        4.2255428338945906        3.3025789647498187E-002  -3.6212488306510125E-007   0.0000000000000000        0.0000000000000000       0.51697763587230749        8.3354544147564991E-002   0.0000000000000000        0.0000000000000000        0.0000000000000000        215.25400676653922        90.201147481479055        10000000272564360.     
 # c
   1.3422331942246325E-002  -3.4284829131273173E-005   1.6257458376473669E-003  -6.5276446596368285E-024   7.1575050416595763E-029   0.0000000000000000        0.0000000000000000        1.0456360263081348E-017  -1.2621090883618903E-017  -1.4749959044620939E-004   1.4627910093994079E-004   4.6043353654447836E-031  -2.2135473143531769E-004   3.0635601271175876E-004  -2.8797854233219655E-034  -3.4284829131273207E-005   9.1696884049437819E-004  -4.7946246407141728E-002   8.7361516757705046E-021  -9.5791135890885879E-026   0.0000000000000000        0.0000000000000000       -4.9125504140913009E-020  -1.7399517070424859E-018   3.8550624207348348E-003  -3.7998160035374175E-003  -6.3233920323677363E-030   4.8827394919558863E-003  -5.6214813606458311E-003   3.3175313435342737E-032   1.6257458376473686E-003  -4.7946246407141728E-002   2.6603390236176181       -6.7868522959392307E-020   7.4417239384098005E-025   0.0000000000000000        0.0000000000000000       -9.1634402320150985E-018   1.0201384216162730E-016 -0.20635354932007569       0.20292651762963845        3.4611610904747250E-028 -0.25170402087826788       0.27815223382511151       -1.7194965053710796E-030  -6.5276446596336907E-024   8.7361516757704158E-021  -6.7868522959387781E-020   9.9999997274357837E-017   1.0842048641186726E-045   0.0000000000000000        0.0000000000000000        8.6808161950576078E-039   4.6156402147444507E-037   1.7363400168591357E-021  -1.8380276206213539E-021  -1.1106339880141991E-047   2.0063207085527860E-021  -2.1663619136583022E-021   5.4525859826806280E-050   7.1575050416617052E-029  -9.5791135890885971E-026   7.4417239384099915E-025   1.0842048641094326E-045   9.9999997274357837E-017   0.0000000000000000        0.0000000000000000       -9.5184387204656008E-044  -5.0610089595913139E-042  -1.9038815794489104E-026   2.0153811439243313E-026   7.9439147465357458E-053  -2.1999130368429537E-026   2.3753968127131975E-026   4.1222893748628801E-055   0.0000000000000000        0.0000000000000000        0.0000000000000000        0.0000000000000000        0.0000000000000000        9.9999997274357837E-017   0.0000000000000000        0.0000000000000000        0.0000000000000000        0.0000000000000000        0.0000000000000000        0.0000000000000000        0.0000000000000000        0.0000000000000000        0.0000000000000000        0.0000000000000000        0.0000000000000000        0.0000000000000000        0.0000000000000000        0.0000000000000000        0.0000000000000000        9.9999997274357837E-017   0.0000000000000000        0.0000000000000000        0.0000000000000000        0.0000000000000000        0.0000000000000000        0.0000000000000000        0.0000000000000000        0.0000000000000000        1.0456360263081347E-017  -4.9125504140914110E-020  -9.1634402320150430E-018   8.6808161950415712E-039  -9.5184387204533659E-044   0.0000000000000000        0.0000000000000000        9.9999997274357824E-017   2.1549688080525968E-032  -2.2874591908882810E-019   2.3840425391659277E-019  -2.7159804942442370E-047  -2.7390157650023135E-019   3.0372454300107964E-019   2.6588608318179929E-049  -1.2621090883618902E-017  -1.7399517070425309E-018   1.0201384216162969E-016   4.6156402147424461E-037  -5.0610089595915994E-042   0.0000000000000000        0.0000000000000000        2.1549688080525962E-032   9.9999997274357824E-017  -7.9270944136003132E-018   8.3202990219908960E-018   1.2885303783367884E-044  -9.1361403946706214E-018   9.7538413630564819E-018  -6.3804960093497784E-047  -1.4749959044620955E-004   3.8550624207348361E-003 -0.20635354932007577        1.7363400168594727E-021  -1.9038815794486992E-026   0.0000000000000000        0.0000000000000000       -2.2874591908882044E-019  -7.9270944136001253E-018   1.6461936027857362E-002  -1.6222470149277898E-002  -2.7067220068479245E-029   2.0415372069493447E-002  -2.3141439155038981E-002   1.3900005921293844E-031   1.4627910093994092E-004  -3.7998160035374179E-003  0.20292651762963845       -1.8380276206217978E-021   2.0153811439243540E-026   0.0000000000000000        0.0000000000000000        2.3840425391658848E-019   8.3202990219907096E-018  -1.6222470149277895E-002   1.5995102919347453E-002  -1.4999999591151014E-016  -2.0133843527662353E-002   2.2858159605784169E-002  -1.3705450674906199E-031   7.8886090522101181E-031  -1.2621774483536189E-029   8.0779356694631609E-028  -1.6421466378806450E-047   0.0000000000000000        0.0000000000000000        0.0000000000000000        0.0000000000000000       -4.4841550858394146E-044  -5.0487097934144756E-029  -1.4999999591145824E-016   9.9999997274357824E-017   1.0097419586828951E-028  -1.0097419586828951E-028  -6.3723676445298091E-058  -2.2135473143531780E-004   4.8827394919558854E-003 -0.25170402087826782        2.0063207085532975E-021  -2.1999130368427792E-026   0.0000000000000000        0.0000000000000000       -2.7390157650022885E-019  -9.1361403946703811E-018   2.0415372069493436E-002  -2.0133843527662350E-002  -3.3308074767985914E-029   8.7532990498442292E-002 -0.17694352429543875        5.6480118889983202E-031   3.0635601271175903E-004  -5.6214813606458329E-003  0.27815223382511156       -2.1663619136589206E-021   2.3753968127131194E-026   0.0000000000000000        0.0000000000000000        3.0372454300107541E-019   9.7538413630562153E-018  -2.3141439155038974E-002   2.2858159605784176E-002   3.7173689143540034E-029 -0.17694352429543875       0.40265239885486603       -1.4999999591153787E-016   0.0000000000000000        3.0814879110195774E-032  -1.1832913578315177E-030   1.8709352970645370E-050   4.4861468217489856E-055   0.0000000000000000        0.0000000000000000        1.0263416486754031E-048  -3.2842932757612900E-047   7.3955709864469857E-032  -4.9303806576313238E-032  -1.5930919111324523E-058   5.9164567891575885E-031  -1.4999999591153792E-016   9.9999997274357824E-017
 # d
  -5.3806332714187723       -15590.996471377619        397.19162670980097        1.5438089161952600       -1.6927729184347275E-005   0.0000000000000000        0.0000000000000000        42.631170234641871       -241.30121731650496        56336.314066512001        48806.449903881294        73209.674855821941        583.59081933717891        232.25421004942973        348.38131507414465     
 # da
 -0.12020111735493068       -7.1733999593825759E-002  0.81982058814540437       -2.0792530328968833E-021   2.2798826899822171E-026   0.0000000000000000        0.0000000000000000       -7.2129081678361005E-018   1.8993172392313544E-017  0.11777570381329028       0.15183810663029274       -2.7266051682738011E-027   1.3526457085182031       0.29992190018582682        1.8932661725304283E-029
