 # iloop
           3
 # kfix
           0           0           0           1           1           1           1           1           1           0           0           1           0           0           1
 # fac
  0.10000000000000001     
 # chi2
   12467.439844807057        767.58002209809570     
 # a
8645.07277  0.28320 25.21446  0.00010  0.44000  0.72000  0.26000  0.00000  0.00000  1.02104  0.03586  0.00000  1.29645  0.04340  0.00000
 # da
  -0.09898 -0.05508  0.50065 -0.00000  0.00000  0.00000  0.00000 -0.00000  0.00000  0.12775  0.11503 -0.00000  1.16041  0.38083  0.00000
 # s
   0.11112  0.02820  1.56968  0.00000  0.00000  0.00000  0.00000  0.00000  0.00000  0.12328  0.12145  0.00000  0.29315  0.62338  0.00000
 # b
   81.003276502749287       -7.8774900469875799       0.29269557223337572        8.0692093910312884E-004  -8.8478172311510301E-009   0.0000000000000000        0.0000000000000000       -8.2295450175286735        10.048450189544834        11.645172204019765        5.7051938007586012        8.5577907011379803        9.0716326573975881E-002   1.9751500408571321E-002   2.9627250612855871E-002  -7.8774900469875799        94868.985080489845       -578.41305313191572       -8.3717107662484356        9.1795073324226151E-005   0.0000000000000000        0.0000000000000000       -69.417314892042370        8.8951207097463278       -46706.115726721364       -18877.447047654772       -28316.170571482158       -818.27626283371455       -284.82809810377603       -427.24214715566404       0.29269557223337572       -578.41305313191572        23.789418981996405        6.1631405466312995E-002  -6.7578294829105220E-007   0.0000000000000000        0.0000000000000000        2.6784164212194885       -5.5770050406258296        1486.8192974724238        1078.2781335483214        1617.4172003224821        7.3545411012462862        3.2284159523189988        4.8426239284784991        8.0692093910312884E-004  -8.3717107662484356        6.1631405466312995E-002   10000000272564224.       -8.1635934922171310E-009   0.0000000000000000        0.0000000000000000        7.2825594079816468E-003  -4.5987754465556000E-003   4.8974386016887710        2.3201525093226061        3.4802287639839085        7.3234362485208704E-002   2.5798511953016429E-002   3.8697767929524639E-002  -8.8478172311510301E-009   9.1795073324226151E-005  -6.7578294829105220E-007  -8.1635934922171310E-009   10000000272564224.        0.0000000000000000        0.0000000000000000       -7.9852624333231715E-008   5.0425168893812020E-008  -5.3699984160391035E-005  -2.5440268502264148E-005  -3.8160402753396227E-005  -8.0300835299822737E-007  -2.8287841786539676E-007  -4.2431762679809519E-007   0.0000000000000000        0.0000000000000000        0.0000000000000000        0.0000000000000000        0.0000000000000000        10000000272564224.        0.0000000000000000        0.0000000000000000        0.0000000000000000        0.0000000000000000        0.0000000000000000        0.0000000000000000        0.0000000000000000        0.0000000000000000        0.0000000000000000        0.0000000000000000        0.0000000000000000        0.0000000000000000        0.0000000000000000        0.0000000000000000        0.0000000000000000        10000000272564224.        0.0000000000000000        0.0000000000000000        0.0000000000000000        0.0000000000000000        0.0000000000000000        0.0000000000000000        0.0000000000000000        0.0000000000000000       -8.2295450175286735       -69.417314892042370        2.6784164212194885        7.2825594079816468E-003  -7.9852624333231715E-008   0.0000000000000000        0.0000000000000000        10000000272564226.       -3.8353827978432715        153.51624779864287        106.28514918058406        159.42772377087604       0.88780448831458936       0.38969811952543665       0.58454717928815503        10.048450189544834        8.8951207097463278       -5.5770050406258296       -4.5987754465556000E-003   5.0425168893812020E-008   0.0000000000000000        0.0000000000000000       -3.8353827978432715        10000000272564234.       -929.80969664070631       -876.11077439176790       -1314.1661615876512       0.17512602775415670        5.9145023009830114E-002   8.8717534514745122E-002   11.645172204019765       -46706.115726721364        1486.8192974724238        4.8974386016887710       -5.3699984160391035E-005   0.0000000000000000        0.0000000000000000        153.51624779864287       -929.80969664070631        208243.61775934423        181660.81183275589        272491.21774913376        0.0000000000000000        0.0000000000000000        0.0000000000000000        5.7051938007586012       -18877.447047654772        1078.2781335483214        2.3201525093226061       -2.5440268502264148E-005   0.0000000000000000        0.0000000000000000        106.28514918058406       -876.11077439176790        181660.81183275589        166356.00873026982        249534.01309540481        0.0000000000000000        0.0000000000000000        0.0000000000000000        8.5577907011379803       -28316.170571482158        1617.4172003224821        3.4802287639839085       -3.8160402753396227E-005   0.0000000000000000        0.0000000000000000        159.42772377087604       -1314.1661615876512        272491.21774913376        249534.01309540481        10000000272938526.        0.0000000000000000        0.0000000000000000        0.0000000000000000        9.0716326573975881E-002  -818.27626283371455        7.3545411012462862        7.3234362485208704E-002  -8.0300835299822737E-007   0.0000000000000000        0.0000000000000000       0.88780448831458936       0.17512602775415670        0.0000000000000000        0.0000000000000000        0.0000000000000000        368.47911151491053        145.25844115739881        217.88766173609821        1.9751500408571321E-002  -284.82809810377603        3.2284159523189988        2.5798511953016429E-002  -2.8287841786539676E-007   0.0000000000000000        0.0000000000000000       0.38969811952543665        5.9145023009830114E-002   0.0000000000000000        0.0000000000000000        0.0000000000000000        145.25844115739881        60.134098320986041        90.201147481479055        2.9627250612855871E-002  -427.24214715566404        4.8426239284784991        3.8697767929524639E-002  -4.2431762679809519E-007   0.0000000000000000        0.0000000000000000       0.58454717928815503        8.8717534514745122E-002   0.0000000000000000        0.0000000000000000        0.0000000000000000        217.88766173609821        90.201147481479055        10000000272564360.     
 # c
   1.2346828222463220E-002  -2.8004687476352526E-005   1.3587775192826748E-003  -5.7790675271987674E-024   6.3366967901624234E-029   0.0000000000000000        0.0000000000000000        1.0203646066755887E-017  -1.2377209231554587E-017  -1.2339255008288566E-004   1.2233614425682934E-004  -1.9605203922409904E-030  -2.0319152501016124E-004   2.8117483055374235E-004   1.2404476859068653E-033  -2.8004687476352567E-005   7.9541948900946108E-004  -4.2952176416043861E-002   8.9015559528166313E-021  -9.7604779262424247E-026   0.0000000000000000        0.0000000000000000       -4.3718526415285699E-020  -1.6648069169943698E-018   3.4489495660405397E-003  -3.3975865421202742E-003   5.1825664463478531E-029   4.8042977593030006E-003  -5.5316192933425358E-003   4.2322941492706111E-033   1.3587775192826774E-003  -4.2952176416043868E-002   2.4638896910643515       -6.7382062157230564E-020   7.3883839386799889E-025   0.0000000000000000        0.0000000000000000       -9.2303777165970634E-018   1.0080123042814992E-016 -0.19076990859764970       0.18747638358145174       -2.8607758295710028E-027 -0.25578328599791683       0.28213954366341032       -2.4280702409117588E-031  -5.7790675272047051E-024   8.9015559528168164E-021  -6.7382062157240820E-020   9.9999997274357837E-017   1.1332250609890432E-045   0.0000000000000000        0.0000000000000000        9.8850769592019446E-039   4.8641293580089369E-037   1.6939956350624559E-021  -1.7976662271966844E-021   3.4796034139917448E-047   2.1552988912180349E-021  -2.3277274514795408E-021   8.3680936675780611E-050   6.3366967901595950E-029  -9.7604779262423283E-026   7.3883839386795408E-025   1.1332250609906363E-045   9.9999997274357837E-017   0.0000000000000000        0.0000000000000000       -1.0838900072187791E-043  -5.3334751228742912E-042  -1.8574513366903403E-026   1.9711252305006013E-026  -2.4052233710983519E-052  -2.3632663057674495E-026   2.5523327077771895E-026   5.1489912279812947E-055   0.0000000000000000        0.0000000000000000        0.0000000000000000        0.0000000000000000        0.0000000000000000        9.9999997274357837E-017   0.0000000000000000        0.0000000000000000        0.0000000000000000        0.0000000000000000        0.0000000000000000        0.0000000000000000        0.0000000000000000        0.0000000000000000        0.0000000000000000        0.0000000000000000        0.0000000000000000        0.0000000000000000        0.0000000000000000        0.0000000000000000        0.0000000000000000        9.9999997274357837E-017   0.0000000000000000        0.0000000000000000        0.0000000000000000        0.0000000000000000        0.0000000000000000        0.0000000000000000        0.0000000000000000        0.0000000000000000        1.0203646066755887E-017  -4.3718526415283809E-020  -9.2303777165971543E-018   9.8850769592179811E-039  -1.0838900072212261E-043   0.0000000000000000        0.0000000000000000        9.9999997274357824E-017   2.2742364614595292E-032  -2.1134033599396357E-019   2.2141159296226952E-019  -3.2079290937977454E-045  -2.7715495855110561E-019   3.0656455286614909E-019   2.0460426487403224E-048  -1.2377209231554586E-017  -1.6648069169944055E-018   1.0080123042815187E-016   4.8641293580130263E-037  -5.3334751228720686E-042   0.0000000000000000        0.0000000000000000        2.2742364614595308E-032   9.9999997274357800E-017  -7.8260878416243850E-018   8.2308784854719651E-018  -1.2493901301706196E-043  -9.9332167254977287E-018   1.0602993528384698E-017  -1.0701286639830547E-047  -1.2339255008288584E-004   3.4489495660405406E-003 -0.19076990859764970        1.6939956350616464E-021  -1.8574513366906158E-026   0.0000000000000000        0.0000000000000000       -2.1134033599397033E-019  -7.8260878416242294E-018   1.5197946326070773E-002  -1.4968261134834192E-002   2.2830382232615968E-028   2.0717249613327535E-002  -2.3466063757872226E-002   1.8797629443627480E-032   1.2233614425682956E-004  -3.3975865421202746E-003  0.18747638358145169       -1.7976662271960111E-021   1.9711252305009979E-026   0.0000000000000000        0.0000000000000000        2.2141159296228007E-019   8.2308784854718094E-018  -1.4968261134834191E-002   1.4750632365162638E-002  -1.4999999591176166E-016  -2.0420139011562411E-002   2.3168473848318875E-002  -1.8472980400698609E-032  -1.9721522630525295E-030   5.0487097934144756E-029  -3.2311742677852644E-027   3.2842932757612900E-047  -2.5057169157114334E-052   0.0000000000000000        0.0000000000000000       -2.8025969286496341E-045  -1.3452465257518244E-043   2.5243548967072378E-028  -1.4999999591176117E-016   9.9999997274357824E-017   2.0194839173657902E-028  -4.0389678347315804E-028   2.3896378666986784E-058  -2.0319152501016140E-004   4.8042977593029971E-003 -0.25578328599791667        2.1552988912168914E-021  -2.3632663057677801E-026   0.0000000000000000        0.0000000000000000       -2.7715495855111822E-019  -9.9332167254975099E-018   2.0717249613327517E-002  -2.0420139011562394E-002   3.1145522746411789E-028   8.5939573569320762E-002 -0.17110542820135810        2.5199560289855834E-032   2.8117483055374256E-004  -5.5316192933425323E-003  0.28213954366341021       -2.3277274514782521E-021   2.5523327077774799E-026   0.0000000000000000        0.0000000000000000        3.0656455286615843E-019   1.0602993528384452E-017  -2.3466063757872215E-002   2.3168473848318848E-002  -3.5328179743962059E-028 -0.17110542820135810       0.38859945466279172       -1.4999999591153674E-016   7.7037197775489434E-034   1.2325951644078309E-032  -3.9443045261050590E-031   3.2073176521106348E-050   2.4469891754994467E-055   0.0000000000000000        0.0000000000000000        0.0000000000000000       -4.3790577010150533E-047   4.9303806576313238E-032   2.4651903288156619E-032   6.3723676445298091E-058   1.9721522630525295E-031  -1.4999999591153713E-016   9.9999997274357824E-017
 # d
  -5.1808259466291080       -14710.530261598002        367.47578173992355        1.4792269858718559       -1.6219593990121787E-005   0.0000000000000000        0.0000000000000000        38.940735464884014       -223.46705130119466        50814.764571075459        43921.551802609210        65882.327703913805        531.65143933910542        208.76356961219702        313.14535441829554     
 # da
  -9.8983224717317408E-002  -5.5083850631210796E-002  0.50064843235495005       -1.5375656452917637E-021   1.6859272267365737E-026   0.0000000000000000        0.0000000000000000       -5.4264254550722727E-018   1.4277533922339048E-017  0.12774505474304831       0.11503140514262178       -1.0630093403479102E-027   1.1604084094821019       0.38082683293635988        6.3108872417680944E-030
