 # iloop
           2
 # kfix
           0           0           0           1           1           1           1           1           1           0           0           1           0           0           1
 # fac
   1.0000000000000000E-002
 # chi2
   18644.704148884091        1154.3992627926650     
 # a
8645.09813  0.29904 25.01325  0.00010  0.44000  0.72000  0.26000  0.00000  0.00000  1.00093  0.00207  0.00000  1.01612  0.00134  0.00000
 # da
  -0.14528 -0.09371  1.27114 -0.00000  0.00000  0.00000  0.00000 -0.00000  0.00000  0.09545  0.20094 -0.00000  1.58449  0.15270  0.00000
 # s
   0.12107  0.03278  1.69759  0.00000  0.00000  0.00000  0.00000  0.00000  0.00000  0.13465  0.13281  0.00000  0.29988  0.64825  0.00000
 # b
   68.234457683808003       -11.353203349214864       0.32474826967426335        1.0730289527444627E-003  -1.1765668230358180E-008   0.0000000000000000        0.0000000000000000       -7.2840907401443564        8.8137351268789477        14.429503089634277        7.1547354588960337        10.732103188344123        8.0470555939542887E-002   1.7267528127942189E-002   2.5901292191913283E-002  -11.353203349214864        76216.837900989121       -510.38577682827696       -6.4429013433665601        7.0645847395910547E-005   0.0000000000000000        0.0000000000000000       -62.258376185989910        7.7959534183531529       -41887.450414710751       -17745.454095654259       -26618.181143481394       -577.62869032422407       -209.96752118420324       -314.95128177630488       0.32474826967426335       -510.38577682827696        21.393094133459375        5.2561894258161490E-002  -5.7633655440419791E-007   0.0000000000000000        0.0000000000000000        2.4627118849517711       -5.0080271910992202        1403.8879818893938        1031.7138613003196        1547.5707919504796        5.3033709563443940        2.3911084174867190        3.5866626262300789        1.0730289527444627E-003  -6.4429013433665601        5.2561894258161490E-002   10000000272564224.       -6.0283380649532348E-009   0.0000000000000000        0.0000000000000000        6.3149948699305616E-003  -4.0941188224872986E-003   4.2710753351298756        2.1229224256099477        3.1843836384149222        4.9436772556889580E-002   1.8182067573613757E-002   2.7273101360420639E-002  -1.1765668230358180E-008   7.0645847395910547E-005  -5.7633655440419791E-007  -6.0283380649532348E-009   10000000272564224.        0.0000000000000000        0.0000000000000000       -6.9243364147798677E-008   4.4891653331297496E-008  -4.6831965951594122E-005  -2.3277657955667364E-005  -3.4916486933501051E-005  -5.4206986940691657E-007  -1.9936477414327087E-007  -2.9904716121490628E-007   0.0000000000000000        0.0000000000000000        0.0000000000000000        0.0000000000000000        0.0000000000000000        10000000272564224.        0.0000000000000000        0.0000000000000000        0.0000000000000000        0.0000000000000000        0.0000000000000000        0.0000000000000000        0.0000000000000000        0.0000000000000000        0.0000000000000000        0.0000000000000000        0.0000000000000000        0.0000000000000000        0.0000000000000000        0.0000000000000000        0.0000000000000000        10000000272564224.        0.0000000000000000        0.0000000000000000        0.0000000000000000        0.0000000000000000        0.0000000000000000        0.0000000000000000        0.0000000000000000        0.0000000000000000       -7.2840907401443564       -62.258376185989910        2.4627118849517711        6.3149948699305616E-003  -6.9243364147798677E-008   0.0000000000000000        0.0000000000000000        10000000272564226.       -3.4729577803763600        148.51446307866431        104.58568838656416        156.87853257984631       0.65665155610679515       0.29646255520445836       0.44469383280668751        8.8137351268789477        7.7959534183531529       -5.0080271910992202       -4.0941188224872986E-003   4.4891653331297496E-008   0.0000000000000000        0.0000000000000000       -3.4729577803763600        10000000272564232.       -873.68332952988999       -825.43235937287398       -1238.1485390593116       0.14070940244543120        5.0891641145977509E-002   7.6337461718966215E-002   14.429503089634277       -41887.450414710751        1403.8879818893938        4.2710753351298756       -4.6831965951594122E-005   0.0000000000000000        0.0000000000000000        148.51446307866431       -873.68332952988999        206283.11717333260        181164.24069597476        271746.36104396218        0.0000000000000000        0.0000000000000000        0.0000000000000000        7.1547354588960337       -17745.454095654259        1031.7138613003196        2.1229224256099477       -2.3277657955667364E-005   0.0000000000000000        0.0000000000000000        104.58568838656416       -825.43235937287398        181164.24069597476        166356.00873026982        249534.01309540481        0.0000000000000000        0.0000000000000000        0.0000000000000000        10.732103188344123       -26618.181143481394        1547.5707919504796        3.1843836384149222       -3.4916486933501051E-005   0.0000000000000000        0.0000000000000000        156.87853257984631       -1238.1485390593116        271746.36104396218        249534.01309540481        10000000272938526.        0.0000000000000000        0.0000000000000000        0.0000000000000000        8.0470555939542887E-002  -577.62869032422407        5.3033709563443940        4.9436772556889580E-002  -5.4206986940691657E-007   0.0000000000000000        0.0000000000000000       0.65665155610679515       0.14070940244543120        0.0000000000000000        0.0000000000000000        0.0000000000000000        347.31335252115372        141.39630811662593        212.09446217493888        1.7267528127942189E-002  -209.96752118420324        2.3911084174867190        1.8182067573613757E-002  -1.9936477414327087E-007   0.0000000000000000        0.0000000000000000       0.29646255520445836        5.0891641145977509E-002   0.0000000000000000        0.0000000000000000        0.0000000000000000        141.39630811662593        60.134098320986041        90.201147481479055        2.5901292191913283E-002  -314.95128177630488        3.5866626262300789        2.7273101360420639E-002  -2.9904716121490628E-007   0.0000000000000000        0.0000000000000000       0.44469383280668751        7.6337461718966215E-002   0.0000000000000000        0.0000000000000000        0.0000000000000000        212.09446217493888        90.201147481479055        10000000272564360.     
 # c
   1.4658300541780984E-002  -4.1674858662478449E-005   1.9213716978512278E-003  -7.2807947676328930E-024   7.9833275206537097E-029   0.0000000000000000        0.0000000000000000        1.0734876712148833E-017  -1.2883502431746997E-017  -1.7528117430881706E-004   1.7389188226729432E-004  -1.1369029610812792E-030  -2.3374067396610013E-004   3.2348337254241983E-004  -1.0896456190056032E-033  -4.1674858662478408E-005   1.0742994848231429E-003  -5.4049311854152231E-002   8.5504151184087659E-021  -9.3754550851322929E-026   0.0000000000000000        0.0000000000000000       -5.5161076639838717E-020  -1.8306011565832687E-018   4.3804337660486590E-003  -4.3205551036718066E-003   2.5579384494418420E-029   4.9132912493148658E-003  -5.6526125584694560E-003   2.4948217207472724E-032   1.9213716978512265E-003  -5.4049311854152252E-002   2.8818025241500851       -6.8432597519068671E-020   7.5035742184869341E-025   0.0000000000000000        0.0000000000000000       -9.0899441199863490E-018   1.0325330701945623E-016 -0.22545116065306578       0.22188167218279084       -1.3114633939567823E-027 -0.24370043330291069       0.26971396472565862       -1.2521651844354318E-030  -7.2807947676276474E-024   8.5504151184086395E-021  -6.8432597519062027E-020   9.9999997274357837E-017   1.0408715213706051E-045   0.0000000000000000        0.0000000000000000        7.5598337565427904E-039   4.3746125228826397E-037   1.7997068706753182E-021  -1.8995457836955536E-021   8.1754200632570534E-048   1.8395003183776332E-021  -1.9849953977281569E-021   2.4620532137093763E-050   7.9833275206367596E-029  -9.3754550851318807E-026   7.5035742184848623E-025   1.0408715213658258E-045   9.9999997274357837E-017   0.0000000000000000        0.0000000000000000       -8.2892913215125213E-044  -4.7967242122639848E-042  -1.9733627781467357E-026   2.0828352694596049E-026  -1.6487439940647607E-052  -2.0169959440744157E-026   2.1765300208018266E-026  -1.2800621745065931E-054   0.0000000000000000        0.0000000000000000        0.0000000000000000        0.0000000000000000        0.0000000000000000        9.9999997274357837E-017   0.0000000000000000        0.0000000000000000        0.0000000000000000        0.0000000000000000        0.0000000000000000        0.0000000000000000        0.0000000000000000        0.0000000000000000        0.0000000000000000        0.0000000000000000        0.0000000000000000        0.0000000000000000        0.0000000000000000        0.0000000000000000        0.0000000000000000        9.9999997274357837E-017   0.0000000000000000        0.0000000000000000        0.0000000000000000        0.0000000000000000        0.0000000000000000        0.0000000000000000        0.0000000000000000        0.0000000000000000        1.0734876712148833E-017  -5.5161076639839981E-020  -9.0899441199863166E-018   7.5598337565187356E-039  -8.2892913214880514E-044   0.0000000000000000        0.0000000000000000        9.9999997274357824E-017   2.0326642594372362E-032  -2.4792812417480641E-019   2.5715752575954760E-019  -2.1352206890945390E-045  -2.6365652799910794E-019   2.9270327543385275E-019  -1.1146730799878060E-049  -1.2883502431746995E-017  -1.8306011565832710E-018   1.0325330701945634E-016   4.3746125228807554E-037  -4.7967242122566846E-042   0.0000000000000000        0.0000000000000000        2.0326642594372368E-032   9.9999997274357824E-017  -8.0828946981731168E-018   8.4635005746824651E-018  -4.4408239264823037E-044  -8.2395196851245529E-018   8.7955809181684458E-018  -4.2185577761644041E-047  -1.7528117430881698E-004   4.3804337660486616E-003 -0.22545116065306584        1.7997068706757425E-021  -1.9733627781484117E-026   0.0000000000000000        0.0000000000000000       -2.4792812417480093E-019  -8.0828946981731122E-018   1.8130271886560537E-002  -1.7878655750065593E-002   1.0578297103242812E-028   1.9924975427336421E-002  -2.2590975643757873E-002   1.0163209307741839E-031   1.7389188226729424E-004  -4.3205551036718092E-003  0.22188167218279092       -1.8995457836960493E-021   2.0828352694612327E-026   0.0000000000000000        0.0000000000000000        2.5715752575954086E-019   8.4635005746824590E-018  -1.7878655750065597E-002   1.7639177946456776E-002  -1.4999999591164111E-016  -1.9663093010145464E-002   2.2326207813726677E-002  -1.0025186155424430E-031  -7.8886090522101181E-031   2.5243548967072378E-029  -8.0779356694631609E-028   5.4738221262688167E-048  -2.5057169157114334E-052   0.0000000000000000        0.0000000000000000       -2.8025969286496341E-045  -4.4841550858394146E-044   5.0487097934144756E-029  -1.4999999591166019E-016   9.9999997274357824E-017   1.0097419586828951E-028  -2.0194839173657902E-028   9.5585514667947137E-058  -2.3374067396610021E-004   4.9132912493148728E-003 -0.24370043330291094        1.8395003183782410E-021  -2.0169959440763351E-026   0.0000000000000000        0.0000000000000000       -2.6365652799910554E-019  -8.2395196851245544E-018   1.9924975427336445E-002  -1.9663093010145488E-002   1.1646002153406583E-028   8.9926259489586990E-002 -0.18460227435849216        3.2677973790927064E-031   3.2348337254242020E-004  -5.6526125584694699E-003  0.26971396472565928       -1.9849953977287972E-021   2.1765300208040720E-026   0.0000000000000000        0.0000000000000000        2.9270327543385015E-019   8.7955809181684612E-018  -2.2590975643757925E-002   2.2326207813726733E-002  -1.3237591587186594E-028 -0.18460227435849219       0.42023236076627557       -1.4999999591153735E-016  -3.8518598887744717E-034   1.8488927466117464E-032  -1.5777218104420236E-030  -4.8109764781659522E-050  -1.1419282818997418E-054   0.0000000000000000        0.0000000000000000       -3.4211388289180104E-049  -5.4738221262688167E-047   7.3955709864469857E-032  -1.2325951644078309E-031   3.1861838222649046E-058   3.9443045261050590E-031  -1.4999999591153792E-016   9.9999997274357824E-017
 # d
  -5.4909933422182933       -16300.842061646043        425.06228885561939        1.5857766691768866       -1.7387901910062186E-005   0.0000000000000000        0.0000000000000000        46.205869321814177       -257.15628012040378        61801.423938016356        53693.777528262741        80540.666292394089        632.76585429524721        255.93683857793678        383.90525786690523     
 # da
 -0.14527661697987540       -9.3710780761365076E-002   1.2711363060369649       -2.7822582423650153E-021   3.0507217281691230E-026   0.0000000000000000        0.0000000000000000       -9.4502129265904598E-018   2.4884800179995227E-017   9.5452949398029396E-002  0.20094114300089849       -3.8088010099593086E-027   1.5844904866770477       0.15270199894048556        1.2621774483536189E-029
