 # iloop
           3
 # kfix
           0           0           0           1           1           1           1           1           1           0           0           1           0           0           1
 # fac
   1.0000000000000000E-002
 # chi2
   18273.575992123919        1131.3924814268200     
 # a
8645.09667  0.29810 25.02596  0.00010  0.44000  0.72000  0.26000  0.00000  0.00000  1.00188  0.00408  0.00000  1.03196  0.00287  0.00000
 # da
  -0.14245 -0.09120  1.21969 -0.00000  0.00000  0.00000  0.00000 -0.00000  0.00000  0.09809  0.19536 -0.00000  1.55801  0.17028  0.00000
 # s
   0.12049  0.03250  1.69017  0.00000  0.00000  0.00000  0.00000  0.00000  0.00000  0.13395  0.13211  0.00000  0.29945  0.64677  0.00000
 # b
   68.890388057444170       -11.173454974816829       0.32341020262270176        1.0602888784167750E-003  -1.1625974434224419E-008   0.0000000000000000        0.0000000000000000       -7.3339301460337838        8.8787428386326681        14.287092484183939        7.0779567977017903        10.616935196552969        8.1350850642224248E-002   1.7473981675128147E-002   2.6210972512692665E-002  -11.173454974816829        77150.958348097731       -513.93830438669431       -6.5378519144005152        7.1686972068465927E-005   0.0000000000000000        0.0000000000000000       -62.638271671982743        7.8547282876796967       -42144.470587393524       -17806.844255345735       -26710.266383018621       -590.22800398767401       -214.01511618358930       -321.02267427538402       0.32341020262270176       -513.93830438669431        21.516941697801226        5.3029492161275976E-002  -5.8146372434605751E-007   0.0000000000000000        0.0000000000000000        2.4740947198753793       -5.0383586822793296        1408.3557018034423        1034.2023758307037        1551.3035637460548        5.4122421563581158        2.4363882669830330        3.6545824004745500        1.0602888784167750E-003  -6.5378519144005152        5.3029492161275976E-002   10000000272564224.       -6.1315545370165526E-009   0.0000000000000000        0.0000000000000000        6.3656406738823532E-003  -4.1209802274972491E-003   4.3039976965490085        2.1334987417283471        3.2002481125925195        5.0644293270368311E-002   1.8580230075817602E-002   2.7870345113726408E-002  -1.1625974434224419E-008   7.1686972068465927E-005  -5.8146372434605751E-007  -6.1315545370165526E-009   10000000272564224.        0.0000000000000000        0.0000000000000000       -6.9798690940270154E-008   4.5186186278185881E-008  -4.7192956753218519E-005  -2.3393626333063143E-005  -3.5090439499594715E-005  -5.5531022798227313E-007  -2.0373059101216134E-007  -3.0559588651824206E-007   0.0000000000000000        0.0000000000000000        0.0000000000000000        0.0000000000000000        0.0000000000000000        10000000272564224.        0.0000000000000000        0.0000000000000000        0.0000000000000000        0.0000000000000000        0.0000000000000000        0.0000000000000000        0.0000000000000000        0.0000000000000000        0.0000000000000000        0.0000000000000000        0.0000000000000000        0.0000000000000000        0.0000000000000000        0.0000000000000000        0.0000000000000000        10000000272564224.        0.0000000000000000        0.0000000000000000        0.0000000000000000        0.0000000000000000        0.0000000000000000        0.0000000000000000        0.0000000000000000        0.0000000000000000       -7.3339301460337838       -62.638271671982743        2.4740947198753793        6.3656406738823532E-003  -6.9798690940270154E-008   0.0000000000000000        0.0000000000000000        10000000272564226.       -3.4926053493580449        148.79653473788193        104.68198006640804        157.02297009961217       0.66923042941413480       0.30164770727346679       0.45247156091020019        8.8787428386326681        7.8547282876796967       -5.0383586822793296       -4.1209802274972491E-003   4.5186186278185881E-008   0.0000000000000000        0.0000000000000000       -3.4926053493580449        10000000272564232.       -876.81787187719124       -828.26431374268486       -1242.3964706140280       0.14277137617449201        5.1448775083899792E-002   7.7173162625849723E-002   14.287092484183939       -42144.470587393524        1408.3557018034423        4.3039976965490085       -4.7192956753218519E-005   0.0000000000000000        0.0000000000000000        148.79653473788193       -876.81787187719124        206397.40902523292        181193.97706265654        271790.96559398493        0.0000000000000000        0.0000000000000000        0.0000000000000000        7.0779567977017903       -17806.844255345735        1034.2023758307037        2.1334987417283471       -2.3393626333063143E-005   0.0000000000000000        0.0000000000000000        104.68198006640804       -828.26431374268486        181193.97706265654        166356.00873026982        249534.01309540481        0.0000000000000000        0.0000000000000000        0.0000000000000000        10.616935196552969       -26710.266383018621        1551.3035637460548        3.2002481125925195       -3.5090439499594715E-005   0.0000000000000000        0.0000000000000000        157.02297009961217       -1242.3964706140280        271790.96559398493        249534.01309540481        10000000272938526.        0.0000000000000000        0.0000000000000000        0.0000000000000000        8.1350850642224248E-002  -590.22800398767401        5.4122421563581158        5.0644293270368311E-002  -5.5531022798227313E-007   0.0000000000000000        0.0000000000000000       0.66923042941413480       0.14277137617449201        0.0000000000000000        0.0000000000000000        0.0000000000000000        348.51481769786761        141.62023675503670        212.43035513255506        1.7473981675128147E-002  -214.01511618358930        2.4363882669830330        1.8580230075817602E-002  -2.0373059101216134E-007   0.0000000000000000        0.0000000000000000       0.30164770727346679        5.1448775083899792E-002   0.0000000000000000        0.0000000000000000        0.0000000000000000        141.62023675503670        60.134098320986041        90.201147481479055        2.6210972512692665E-002  -321.02267427538402        3.6545824004745500        2.7870345113726408E-002  -3.0559588651824206E-007   0.0000000000000000        0.0000000000000000       0.45247156091020019        7.7173162625849723E-002   0.0000000000000000        0.0000000000000000        0.0000000000000000        212.43035513255506        90.201147481479055        10000000272564360.     
 # c
   1.4518677005633618E-002  -4.0841014354027072E-005   1.8885694402236966E-003  -7.2025250825973586E-024   7.8975054983547932E-029   0.0000000000000000        0.0000000000000000        1.0704683021890525E-017  -1.2855139517138677E-017  -1.7219768241049675E-004   1.7082645815678614E-004  -2.4888352042201719E-031  -2.3280274691307975E-004   3.2217990661667504E-004  -1.6354639394536899E-033  -4.0841014354027072E-005   1.0560797476344239E-003  -5.3350931692078100E-002   8.5697960963826172E-021  -9.3967061572723383E-026   0.0000000000000000        0.0000000000000000       -5.4508048115577879E-020  -1.8206397346060412E-018   4.3204461932842154E-003  -4.2610870319010280E-003  -4.5328292653861040E-030   4.9150272506471226E-003  -5.6551275372491699E-003   2.2175700699609056E-032   1.8885694402236966E-003  -5.3350931692078100E-002   2.8566655982118641       -6.8370613918502675E-020   7.4967777711260139E-025   0.0000000000000000        0.0000000000000000       -9.0975579877213512E-018   1.0311664933488576E-016 -0.22329457988398016       0.21974101096419263        2.4530008367236052E-028 -0.24478802881432751       0.27087881349691867       -1.1091901949489773E-030  -7.2025250825902322E-024   8.5697960963824261E-021  -6.8370613918493623E-020   9.9999997274357837E-017   1.0456043067585689E-045   0.0000000000000000        0.0000000000000000        7.6750463471786671E-039   4.4005626465025068E-037   1.7928937522564722E-021  -1.8929360800629334E-021   2.4671062715053443E-047   1.8588458553704554E-021  -2.0060124918195941E-021   5.9948819191600134E-050   7.8975054983521363E-029  -9.3967061572722648E-026   7.4967777711256686E-025   1.0456043067697205E-045   9.9999997274357837E-017   0.0000000000000000        0.0000000000000000       -8.4156209152494549E-044  -4.8251782948849116E-042  -1.9658922536412281E-026   2.0755877874806224E-026  -7.5441725202942052E-053  -2.0382081554955178E-026   2.1995750799022501E-026  -6.9586378167129982E-056   0.0000000000000000        0.0000000000000000        0.0000000000000000        0.0000000000000000        0.0000000000000000        9.9999997274357837E-017   0.0000000000000000        0.0000000000000000        0.0000000000000000        0.0000000000000000        0.0000000000000000        0.0000000000000000        0.0000000000000000        0.0000000000000000        0.0000000000000000        0.0000000000000000        0.0000000000000000        0.0000000000000000        0.0000000000000000        0.0000000000000000        0.0000000000000000        9.9999997274357837E-017   0.0000000000000000        0.0000000000000000        0.0000000000000000        0.0000000000000000        0.0000000000000000        0.0000000000000000        0.0000000000000000        0.0000000000000000        1.0704683021890525E-017  -5.4508048115583993E-020  -9.0975579877209815E-018   7.6750463471679760E-039  -8.4156209152576115E-044   0.0000000000000000        0.0000000000000000        9.9999997274357824E-017   2.0457275255808056E-032  -2.4590907909933547E-019   2.5518392222958385E-019  -1.8935185205911331E-045  -2.6516638950882528E-019   2.9435447283490182E-019  -1.6548905379465559E-048  -1.2855139517138678E-017  -1.8206397346059927E-018   1.0311664933488325E-016   4.4005626464989787E-037  -4.8251782948835250E-042   0.0000000000000000        0.0000000000000000        2.0457275255808045E-032   9.9999997274357824E-017  -8.0663055265975051E-018   8.4482675113661032E-018   1.4350131891051620E-044  -8.3407379991717921E-018   8.9037740534558935E-018  -3.7547293111523073E-047  -1.7219768241049678E-004   4.3204461932842154E-003 -0.22329457988398016        1.7928937522572395E-021  -1.9658922536415679E-026   0.0000000000000000        0.0000000000000000       -2.4590907909931038E-019  -8.0663055265977054E-018   1.7942612468316441E-002  -1.7692338366263168E-002  -1.9052139683563115E-029   1.9998121904291490E-002  -2.2673702596384765E-002   9.0376422687977884E-032   1.7082645815678614E-004  -4.2610870319010280E-003  0.21974101096419268       -1.8929360800637226E-021   2.0755877874809214E-026   0.0000000000000000        0.0000000000000000        2.5518392222955458E-019   8.4482675113663020E-018  -1.7692338366263168E-002   1.7454198236896711E-002  -1.4999999591151805E-016  -1.9733919641217800E-002   2.2406720433299873E-002  -8.9168077627801104E-032   7.8886090522101181E-031  -2.5243548967072378E-029   8.0779356694631609E-028   2.1895288505075267E-047  -1.6704779438076223E-052   0.0000000000000000        0.0000000000000000       -1.4012984643248171E-045   4.4841550858394146E-044  -5.0487097934144756E-029  -1.4999999591140776E-016   9.9999997274357824E-017   0.0000000000000000        2.0194839173657902E-028  -3.1861838222649046E-058  -2.3280274691307989E-004   4.9150272506471261E-003 -0.24478802881432773        1.8588458553713882E-021  -2.0382081554958484E-026   0.0000000000000000        0.0000000000000000       -2.6516638950879038E-019  -8.3407379991720202E-018   1.9998121904291503E-002  -1.9733919641217811E-002  -2.0740427434280627E-029   8.9667891084837928E-002 -0.18376421025537013        3.1397047001180140E-031   3.2217990661667520E-004  -5.6551275372491751E-003  0.27087881349691906       -2.0060124918205473E-021   2.1995750799025813E-026   0.0000000000000000        0.0000000000000000        2.9435447283486254E-019   8.9037740534561585E-018  -2.2673702596384786E-002   2.2406720433299894E-002   2.2774572218543304E-029 -0.18376421025537013       0.41830637352431915       -1.4999999591153735E-016  -1.5407439555097887E-033   6.1629758220391547E-033  -1.1832913578315177E-030   1.2294717666424100E-049  -5.7096414094987090E-055   0.0000000000000000        0.0000000000000000       -6.8422776578360209E-049  -3.2842932757612900E-047   7.3955709864469857E-032  -4.9303806576313238E-032  -1.1948189333493392E-058   3.9443045261050590E-031  -1.4999999591153713E-016   9.9999997274357824E-017
 # d
  -5.4863739486689491       -16230.235139064789        422.10234933116385        1.5818079324606773       -1.7344385060514794E-005   0.0000000000000000        0.0000000000000000        45.823044715839544       -255.46844603768344        61202.654398949962        53156.780955555871        79735.171433333773        627.52529412916783        253.37351549055427        380.06027323583140     
 # da
 -0.14245441130249181       -9.1202560901221252E-002   1.2196875558196894       -2.7035703892963078E-021   2.9644411884244748E-026   0.0000000000000000        0.0000000000000000       -9.1972226099649064E-018   2.4227732505396613E-017   9.8086735876843356E-002  0.19536192382535855       -5.6290822653631508E-027   1.5580127262131995       0.17027800782983588        0.0000000000000000     
