 # iloop
           1
 # kfix
           0           0           0           1           1           1           1           1           1           0           0           1           0           0           1
 # fac
   6.9517780648876709E-310
 # chi2
   19023.371932072823        1177.8750489718893     
 # a
8645.09961  0.30000 25.00000  0.00010  0.44000  0.72000  0.26000  0.00000  0.00000  1.00000  0.00000  0.00000  1.00000  0.00000  0.00000
 # da
  -0.14818 -0.09631  1.32477 -0.00000  0.00000  0.00000  0.00000 -0.00000  0.00000  0.09263  0.20674 -0.00000  1.61181  0.13404 -0.00000
 # s
   0.12166  0.03306  1.70514  0.00000  0.00000  0.00000  0.00000  0.00000  0.00000  0.13537  0.13353  0.00000  0.30033  0.64979  0.00000
 # b
   67.575282305429923       -11.534309546777703       0.32606709771010645        1.0857352529223482E-003  -1.1904991695904697E-008   0.0000000000000000        0.0000000000000000       -7.2338875264475515        8.7482362976275034        14.572761503076572        7.2323753565570765        10.848563034835465        7.9542484393024360E-002   1.7050520476717512E-002   2.5575780715076268E-002  -11.534309546777703        75279.436733531213       -506.81463742972812       -6.3477416644495666        6.9602429873782053E-005   0.0000000000000000        0.0000000000000000       -61.875627288636736        7.7365375731466983       -41627.432839590969       -17683.377701149431       -26525.066551724143       -564.91437347041926       -205.86879486891578       -308.80319230337369       0.32606709771010645       -506.81463742972812        21.269015645033832        5.2091823108233862E-002  -5.7118226552824031E-007   0.0000000000000000        0.0000000000000000        2.4512853195507867       -4.9774451413776566        1399.3818942659545        1029.2129258940229        1543.8193888410342        5.1933746221068393        2.3452715286455010        3.5179072929682516        1.0857352529223482E-003  -6.3477416644495666        5.2091823108233862E-002   10000000272564224.       -5.9250626320836015E-009   0.0000000000000000        0.0000000000000000        6.2639693152365247E-003  -4.0670130841888490E-003   4.2378064555722412        2.1122251711336770        3.1683377567005140        4.8222400159756276E-002   1.7780348360401866E-002   2.6670522540602801E-002  -1.1904991695904697E-008   6.9602429873782053E-005  -5.7118226552824031E-007  -5.9250626320836015E-009   10000000272564224.        0.0000000000000000        0.0000000000000000       -6.8683873421789397E-008   4.4594441291358840E-008  -4.6467175609013212E-005  -2.3160363499798673E-005  -3.4740545249697995E-005  -5.2875438272202225E-007  -1.9495995825053776E-007  -2.9243993737580658E-007   0.0000000000000000        0.0000000000000000        0.0000000000000000        0.0000000000000000        0.0000000000000000        10000000272564224.        0.0000000000000000        0.0000000000000000        0.0000000000000000        0.0000000000000000        0.0000000000000000        0.0000000000000000        0.0000000000000000        0.0000000000000000        0.0000000000000000        0.0000000000000000        0.0000000000000000        0.0000000000000000        0.0000000000000000        0.0000000000000000        0.0000000000000000        10000000272564224.        0.0000000000000000        0.0000000000000000        0.0000000000000000        0.0000000000000000        0.0000000000000000        0.0000000000000000        0.0000000000000000        0.0000000000000000       -7.2338875264475515       -61.875627288636736        2.4512853195507867        6.2639693152365247E-003  -6.8683873421789397E-008   0.0000000000000000        0.0000000000000000        10000000272564226.       -3.4530920847735107        148.22854556557067        104.48889256815390        156.73333885223079       0.64390371704481630       0.29119567471534430       0.43679351207301648        8.7482362976275034        7.7365375731466983       -4.9774451413776566       -4.0670130841888490E-003   4.4594441291358840E-008   0.0000000000000000        0.0000000000000000       -3.4530920847735107        10000000272564232.       -870.49647876209622       -822.55357360627613       -1233.8303604094142       0.13859808948505734        5.0314713039522244E-002   7.5472069559283400E-002   14.572761503076572       -41627.432839590969        1399.3818942659545        4.2378064555722412       -4.6467175609013212E-005   0.0000000000000000        0.0000000000000000        148.22854556557067       -870.49647876209622        206165.64140772531        181133.55284188210        271700.32926282322        0.0000000000000000        0.0000000000000000        0.0000000000000000        7.2323753565570765       -17683.377701149431        1029.2129258940229        2.1122251711336770       -2.3160363499798673E-005   0.0000000000000000        0.0000000000000000        104.48889256815390       -822.55357360627613        181133.55284188210        166356.00873026982        249534.01309540481        0.0000000000000000        0.0000000000000000        0.0000000000000000        10.848563034835465       -26525.066551724143        1543.8193888410342        3.1683377567005140       -3.4740545249697995E-005   0.0000000000000000        0.0000000000000000        156.73333885223079       -1233.8303604094142        271700.32926282322        249534.01309540481        10000000272938526.        0.0000000000000000        0.0000000000000000        0.0000000000000000        7.9542484393024360E-002  -564.91437347041926        5.1933746221068393        4.8222400159756276E-002  -5.2875438272202225E-007   0.0000000000000000        0.0000000000000000       0.64390371704481630       0.13859808948505734        0.0000000000000000        0.0000000000000000        0.0000000000000000        346.08404199851282        141.16656081027577        211.74984121541371        1.7050520476717512E-002  -205.86879486891578        2.3452715286455010        1.7780348360401866E-002  -1.9495995825053776E-007   0.0000000000000000        0.0000000000000000       0.29119567471534430        5.0314713039522244E-002   0.0000000000000000        0.0000000000000000        0.0000000000000000        141.16656081027577        60.134098320986041        90.201147481479055        2.5575780715076268E-002  -308.80319230337369        3.5179072929682516        2.6670522540602801E-002  -2.9243993737580658E-007   0.0000000000000000        0.0000000000000000       0.43679351207301648        7.5472069559283400E-002   0.0000000000000000        0.0000000000000000        0.0000000000000000        211.74984121541371        90.201147481479055        10000000272564360.     
 # c
   1.4801346327678813E-002  -4.2530638269459225E-005   1.9548047676509511E-003  -7.3596251528258861E-024   8.0697643456952169E-029   0.0000000000000000        0.0000000000000000        1.0765632556016311E-017  -1.2912318713281927E-017  -1.7843909190670153E-004   1.7703155023039241E-004  -1.4930924100825110E-031  -2.3458583614056403E-004   3.2465816197560472E-004   7.4592365142143769E-034  -4.2530638269459239E-005   1.0932047181210977E-003  -5.4769602761837378E-002   8.5306699028776172E-021  -9.3538046297110458E-026   0.0000000000000000        0.0000000000000000       -5.5827060260866172E-020  -1.8408445394227722E-018   4.4426469738855926E-003  -4.3822341815307440E-003   8.8819492874389936E-030   4.9104467836235668E-003  -5.6487723428754076E-003  -1.5494654361281533E-032   1.9548047676509520E-003  -5.4769602761837392E-002   2.9075168357713315       -6.8496126171221628E-020   7.5105400794054364E-025   0.0000000000000000        0.0000000000000000       -9.0822098495826564E-018   1.0339158234660738E-016 -0.22767522801411791       0.22408955113268450       -4.4907633781274988E-028 -0.24253722391324226       0.26846405481415209        7.6531328898737362E-031  -7.3596251528251279E-024   8.5306699028775826E-021  -6.8496126171220232E-020   9.9999997274357837E-017   1.0361529013404368E-045   0.0000000000000000        0.0000000000000000        7.4446437759996130E-039   4.3484988260941606E-037   1.8068342682954425E-021  -1.9064692318399734E-021   1.9896579972694317E-047   1.8196655774748256E-021  -1.9634425379888202E-021  -5.7418549734096431E-051   8.0697643456926240E-029  -9.3538046297109884E-026   7.5105400794050396E-025   1.0361529013413926E-045   9.9999997274357837E-017   0.0000000000000000        0.0000000000000000       -8.1629865194219495E-044  -4.7680907730598442E-042  -1.9811779070454596E-026   2.0904267695491473E-026  -1.9472366101072758E-052  -1.9952473248720299E-026   2.1528974993845667E-026  -5.2478822387412286E-055   0.0000000000000000        0.0000000000000000        0.0000000000000000        0.0000000000000000        0.0000000000000000        9.9999997274357837E-017   0.0000000000000000        0.0000000000000000        0.0000000000000000        0.0000000000000000        0.0000000000000000        0.0000000000000000        0.0000000000000000        0.0000000000000000        0.0000000000000000        0.0000000000000000        0.0000000000000000        0.0000000000000000        0.0000000000000000        0.0000000000000000        0.0000000000000000        9.9999997274357837E-017   0.0000000000000000        0.0000000000000000        0.0000000000000000        0.0000000000000000        0.0000000000000000        0.0000000000000000        0.0000000000000000        0.0000000000000000        1.0765632556016311E-017  -5.5827060260865028E-020  -9.0822098495827026E-018   7.4446437759996130E-039  -8.1629865194260278E-044   0.0000000000000000        0.0000000000000000        9.9999997274357824E-017   2.0194517238780524E-032  -2.4998392412902477E-019   2.5916733259376484E-019  -3.1565963998682654E-046  -2.6203247199855725E-019   2.9092138446178017E-019   8.3097546305430114E-049  -1.2912318713281927E-017  -1.8408445394227684E-018   1.0339158234660718E-016   4.3484988260940403E-037  -4.7680907730588450E-042   0.0000000000000000        0.0000000000000000        2.0194517238780524E-032   9.9999997274357824E-017  -8.1002720170836932E-018   8.4794982748236484E-018  -2.1360282636035508E-044  -8.1359048065088588E-018   8.6847998811533624E-018   2.5359266494863038E-047  -1.7843909190670159E-004   4.4426469738855917E-003 -0.22767522801411783        1.8068342682955629E-021  -1.9811779070457810E-026   0.0000000000000000        0.0000000000000000       -2.4998392412902828E-019  -8.1002720170837056E-018   1.8325131212560963E-002  -1.8072130746721961E-002   3.6583842767687263E-029   1.9847104509064458E-002  -2.2502737586635894E-002  -6.2626488048384526E-032   1.7703155023039249E-004  -4.3822341815307440E-003  0.22408955113268450       -1.9064692318399772E-021   2.0904267695493978E-026   0.0000000000000000        0.0000000000000000        2.5916733259376565E-019   8.4794982748236638E-018  -1.8072130746721964E-002   1.7831272985380224E-002  -1.4999999591157290E-016  -1.9587625061402891E-002   2.2240269153400896E-002   6.1807714738344985E-032   0.0000000000000000        0.0000000000000000        0.0000000000000000        2.1895288505075267E-047  -8.3523897190381114E-053   0.0000000000000000        0.0000000000000000        0.0000000000000000        0.0000000000000000        5.0487097934144756E-029  -1.4999999591155922E-016   9.9999997274357824E-017  -1.0097419586828951E-028  -1.0097419586828951E-028   0.0000000000000000       -2.3458583614056392E-004   4.9104467836235642E-003 -0.24253722391324206        1.8196655774747413E-021  -1.9952473248722963E-026   0.0000000000000000        0.0000000000000000       -2.6203247199855677E-019  -8.1359048065088726E-018   1.9847104509064448E-002  -1.9587625061402873E-002   3.9808402947090258E-029   9.0197741351234317E-002 -0.18547176799045234       -2.8461397792407887E-031   3.2465816197560439E-004  -5.6487723428753989E-003  0.26846405481415159       -1.9634425379885772E-021   2.1528974993847796E-026   0.0000000000000000        0.0000000000000000        2.9092138446177642E-019   8.6847998811533670E-018  -2.2502737586635856E-002   2.2240269153400844E-002  -4.5529753016718898E-029 -0.18547176799045231       0.42222099821899550       -1.4999999591153614E-016   3.8518598887744717E-034  -1.2325951644078309E-032   3.9443045261050590E-031  -5.3455294201843913E-050  -8.1566305849981557E-055   0.0000000000000000        0.0000000000000000        1.0263416486754031E-048   4.3790577010150533E-047  -4.9303806576313238E-032   4.9303806576313238E-032  -7.9654595556622614E-059   1.9721522630525295E-031  -1.4999999591153634E-016   9.9999997274357824E-017
 # d
  -5.4944972795622524       -16370.155360740897        428.03031759083086        1.5895380004741317       -1.7429144577405551E-005   0.0000000000000000        0.0000000000000000        46.590931462985807       -258.83738341380854        62405.488469736541        54236.200228417889        81354.300342626811        638.02041563188391        258.52622589963357        387.78933884945036     
 # da
 -0.14817508638688701       -9.6314367069203710E-002   1.3247663261365688       -2.8636193838670842E-021   3.1399335053044284E-026   0.0000000000000000        0.0000000000000000       -9.7110467913364301E-018   2.5561473310872192E-017   9.2632009027327378E-002  0.20673660836883911       -5.7591070263223409E-027   1.6118082186090277       0.13403826209032710       -6.3108872417680944E-030
