 # iloop
           3
 # kfix
           0           0           0           1           1           1           1           1           1           1           1           1           0           0           1
 # fac
   1.0000000000000000E-002
 # chi2
   129.77862184223696        1131.4539947222727     
 # a
8645.09731  0.29930 24.98261  0.00010  0.44000  0.72000  0.26000  0.00000  0.00000  1.30000  0.00000  0.00000  1.03782 -0.00497  0.00000
 # da
  -0.11269 -0.03443 -0.85328  0.00000 -0.00000  0.00000  0.00000 -0.00000 -0.00000  0.00000  0.00000  0.00000  1.85049 -0.22148 -0.00000
 # s
   0.09354  0.00307  0.18205  0.00000  0.00000  0.00000  0.00000  0.00000  0.00000  0.00000  0.00000  0.00000  0.26053  0.62509  0.00000
 # b
   114.29550744719178       -18.756916983019295       0.54247373492555617        1.7740755362620226E-003  -1.9452582450703301E-008   0.0000000000000000        0.0000000000000000       -12.207901564954877        14.771838943803422        18.546153565959020        9.2037613138749421        13.805641970812365        8.1408061962974454E-002   1.7499823639455681E-002   2.6249735459183299E-002  -18.756916983019295        127254.13414953495       -854.61978148335334       -10.750119390990701        1.1787411501584741E-004   0.0000000000000000        0.0000000000000000       -103.98546459135972        13.219734748677666       -54227.291449989694       -22987.495052186536       -34481.242578279802       -588.14851332007936       -213.96528496206332       -320.94792744309495       0.54247373492555617       -854.61978148335334        35.986124222316889        8.8028800108087460E-002  -9.6522806224308282E-007   0.0000000000000000        0.0000000000000000        4.1320395833418697       -8.4066565247021430        1820.7871835675940        1338.5368117069104        2007.8052175603657        5.4129918492982494        2.4426418215105210        3.6639627322657824        1.7740755362620226E-003  -10.750119390990701        8.8028800108087460E-002   10000000272564224.       -1.0052427044892248E-008   0.0000000000000000        0.0000000000000000        1.0548743681314258E-002  -6.8776617388654222E-003   5.5271562701756514        2.7493185823313087        4.1239778734969619        5.0303698722157890E-002   1.8516436530762237E-002   2.7774654796143362E-002  -1.9452582450703301E-008   1.1787411501584741E-004  -9.6522806224308282E-007  -1.0052427044892248E-008   10000000272564224.        0.0000000000000000        0.0000000000000000       -1.1566604804463841E-007   7.5412956950648728E-008  -6.0604783091735098E-005  -3.0146036802207206E-005  -4.5219055203310817E-005  -5.5157563867313748E-007  -2.0303110039316165E-007  -3.0454665058974249E-007   0.0000000000000000        0.0000000000000000        0.0000000000000000        0.0000000000000000        0.0000000000000000        10000000272564224.        0.0000000000000000        0.0000000000000000        0.0000000000000000        0.0000000000000000        0.0000000000000000        0.0000000000000000        0.0000000000000000        0.0000000000000000        0.0000000000000000        0.0000000000000000        0.0000000000000000        0.0000000000000000        0.0000000000000000        0.0000000000000000        0.0000000000000000        10000000272564224.        0.0000000000000000        0.0000000000000000        0.0000000000000000        0.0000000000000000        0.0000000000000000        0.0000000000000000        0.0000000000000000        0.0000000000000000       -12.207901564954877       -103.98546459135972        4.1320395833418697        1.0548743681314258E-002  -1.1566604804463841E-007   0.0000000000000000        0.0000000000000000        10000000272564228.       -5.8145578046111064        192.15435124759085        135.37145664175040        203.05718496262543       0.66845027002916702       0.30203841454891772       0.45305762182337650        14.771838943803422        13.219734748677666       -8.4066565247021430       -6.8776617388654222E-003   7.5412956950648728E-008   0.0000000000000000        0.0000000000000000       -5.8145578046111064        10000000272564238.       -1129.4510243948780       -1067.1945532978516       -1600.7918299467767       0.14306308801023038        5.1781746258973638E-002   7.7672619388460568E-002   18.546153565959020       -54227.291449989694        1820.7871835675940        5.5271562701756514       -6.0604783091735098E-005   0.0000000000000000        0.0000000000000000        192.15435124759085       -1129.4510243948780        10000000272770400.        181128.02465170025        271692.03697755042        0.0000000000000000        0.0000000000000000        0.0000000000000000        9.2037613138749421       -22987.495052186536        1338.5368117069104        2.7493185823313087       -3.0146036802207206E-005   0.0000000000000000        0.0000000000000000        135.37145664175040       -1067.1945532978516        181128.02465170025        10000000272730580.        249534.01309540481        0.0000000000000000        0.0000000000000000        0.0000000000000000        13.805641970812365       -34481.242578279802        2007.8052175603657        4.1239778734969619       -4.5219055203310817E-005   0.0000000000000000        0.0000000000000000        203.05718496262543       -1600.7918299467767        271692.03697755042        249534.01309540481        10000000272938526.        0.0000000000000000        0.0000000000000000        0.0000000000000000        8.1408061962974454E-002  -588.14851332007936        5.4129918492982494        5.0303698722157890E-002  -5.5157563867313748E-007   0.0000000000000000        0.0000000000000000       0.66845027002916702       0.14306308801023038        0.0000000000000000        0.0000000000000000        0.0000000000000000        346.69545013638941        141.26999628309599        211.90499442464403        1.7499823639455681E-002  -213.96528496206332        2.4426418215105210        1.8516436530762237E-002  -2.0303110039316165E-007   0.0000000000000000        0.0000000000000000       0.30203841454891772        5.1781746258973638E-002   0.0000000000000000        0.0000000000000000        0.0000000000000000        141.26999628309599        60.134098320986041        90.201147481479055        2.6249735459183299E-002  -320.94792744309495        3.6639627322657824        2.7774654796143362E-002  -3.0454665058974249E-007   0.0000000000000000        0.0000000000000000       0.45305762182337650        7.7672619388460568E-002   0.0000000000000000        0.0000000000000000        0.0000000000000000        211.90499442464403        90.201147481479055        10000000272564360.     
 # c
   8.7499103259706321E-003   4.6569743272920987E-007  -1.2133020944015560E-004   2.5082116220946408E-023  -2.7502320157917372E-028   0.0000000000000000        0.0000000000000000        1.0736561064108964E-017  -1.3027810038726877E-017   8.3892817852689925E-018   9.2578080450505452E-018   1.3886712067575852E-017  -2.3773903775975097E-005   5.9889926659720984E-005   2.7354017617166113E-034   4.6569743272921029E-007   9.4369538464742810E-006   2.2297955312325731E-004   8.0961120769799022E-021  -8.8773157900265221E-026   0.0000000000000000        0.0000000000000000        6.0664616749359254E-021   1.7403386703224584E-019   1.0573349433300648E-017  -8.1538694202965029E-018  -1.2230804130444754E-017   5.9344481667507942E-005  -1.1489457246370237E-004  -2.5779705445362256E-034  -1.2133020944015560E-004   2.2297955312325731E-004   3.3141505448182146E-002  -5.2360710439102083E-020   5.7413059149675216E-025   0.0000000000000000        0.0000000000000000       -1.1498677433088086E-017   2.7743926530908642E-017  -4.8249799622464508E-015  -3.9234265896948518E-015  -5.8851398845422777E-015   2.0146632977680883E-003  -5.2857248352555942E-003  -9.4010682548260773E-033   2.5082116220946843E-023   8.0961120769799022E-021  -5.2360710439102035E-020   9.9999997274357837E-017   3.8327845888190843E-044   0.0000000000000000        0.0000000000000000        3.6087762298542386E-037   1.4018897527148463E-035  -1.8348136927526895E-033  -1.8736006355873744E-033  -2.8104009533810615E-033  -3.5723523469134608E-022   9.8127300721749788E-022  -8.5902869916027968E-050  -2.7502320157917811E-028  -8.8773157900265209E-026   5.7413059149675179E-025   3.8327845888216970E-044   9.9999997274357837E-017   0.0000000000000000        0.0000000000000000       -3.9569914427267666E-042  -1.5371598020533133E-040   2.0118571002423804E-038   2.0543866424225531E-038   3.0815799636338109E-038   3.9170529749657210E-027  -1.0759572345924369E-026   5.1956438191416275E-055   0.0000000000000000        0.0000000000000000        0.0000000000000000        0.0000000000000000        0.0000000000000000        9.9999997274357837E-017   0.0000000000000000        0.0000000000000000        0.0000000000000000        0.0000000000000000        0.0000000000000000        0.0000000000000000        0.0000000000000000        0.0000000000000000        0.0000000000000000        0.0000000000000000        0.0000000000000000        0.0000000000000000        0.0000000000000000        0.0000000000000000        0.0000000000000000        9.9999997274357837E-017   0.0000000000000000        0.0000000000000000        0.0000000000000000        0.0000000000000000        0.0000000000000000        0.0000000000000000        0.0000000000000000        0.0000000000000000        1.0736561064108964E-017   6.0664616749359164E-021  -1.1498677433088084E-017   3.6087762298542386E-037  -3.9569914427266034E-042   0.0000000000000000        0.0000000000000000        9.9999997274357812E-017   3.2611158413879765E-032   1.8510557215784861E-031   1.8948936955180384E-031   2.8423405432770786E-031   3.0764298199651955E-020  -8.9011698976434002E-020   1.2877295970142172E-048  -1.3027810038726879E-017   1.7403386703224584E-019   2.7743926530908639E-017   1.4018897527148420E-035  -1.5371598020533149E-040   0.0000000000000000        0.0000000000000000        3.2611158413879765E-032   9.9999997274357738E-017   7.2108312535781648E-030   7.3703690955247095E-030   1.1055553643287056E-029   1.5042979760887731E-018  -4.1240101008642618E-018  -8.5824890242301885E-048   8.3892817852689925E-018   1.0573349433300643E-017  -4.8249799622464508E-015  -1.8348136927526769E-033   2.0118571002423786E-038   0.0000000000000000        0.0000000000000000        1.8510557215784844E-031   7.2108312535781648E-030   9.9999997273231935E-017  -1.1411410759573720E-027  -1.7117116139360583E-027  -4.4974168163129181E-017   3.3926477483079101E-016   3.1326353794715057E-046   9.2578080450505437E-018  -8.1538694202965060E-018  -3.9234265896948518E-015  -1.8736006355873709E-033   2.0543866424225443E-038   0.0000000000000000        0.0000000000000000        1.8948936955180452E-031   7.3703690955247095E-030  -1.1411410759573723E-027   9.9999997273200676E-017  -1.7357207136967970E-027  -1.3323011628212180E-016   4.4334475187794605E-016   6.6550496344323936E-046   1.3886712067575849E-017  -1.2230804130444754E-017  -5.8851398845422769E-015  -2.8104009533810472E-033   3.0815799636338255E-038   0.0000000000000000        0.0000000000000000        2.8423405432770782E-031   1.1055553643287056E-029  -1.7117116139360587E-027  -1.7357207136967966E-027   9.9999997271754238E-017  -1.9984517442318258E-016   6.6501712781691879E-016   9.9825744516485884E-046  -2.3773903775975093E-005   5.9344481667507969E-005   2.0146632977680887E-003  -3.5723523469132502E-022   3.9170529749660654E-027   0.0000000000000000        0.0000000000000000        3.0764298199652100E-020   1.5042979760887731E-018  -4.4974168163129107E-017  -1.3323011628212178E-016  -1.9984517442318270E-016   6.7876794147407923E-002 -0.15933019285709374       -2.1465577512800114E-031   5.9889926659720984E-005  -1.1489457246370246E-004  -5.2857248352555959E-003   9.8127300721739237E-022  -1.0759572345924983E-026   0.0000000000000000        0.0000000000000000       -8.9011698976433857E-020  -4.1240101008642625E-018   3.3926477483079076E-016   4.4334475187794601E-016   6.6501712781691918E-016 -0.15933019285709377       0.39074174292632807       -1.4999999591153624E-016   2.8888949165808538E-034   0.0000000000000000        0.0000000000000000        2.5391264745875859E-050   7.7487990557482479E-055   0.0000000000000000        0.0000000000000000        2.3947971802426073E-048   0.0000000000000000        0.0000000000000000        1.4012984643248171E-045   7.0064923216240854E-046   0.0000000000000000       -1.4999999591153634E-016   9.9999997274357824E-017
 # d
  -12.550033683991296       -4690.4784547967229        8.1294255789334500       0.38439461784175871       -4.2148532259953375E-006   0.0000000000000000        0.0000000000000000        2.4023087694403755        2.8287137555401136        551.54808315169976       -96.670340053054815       -145.00551007958231        625.88673465800730        253.37959171703130        380.06938757554695     
 # da
 -0.11268724384503932       -3.4425993542025475E-002 -0.85328045726632773        6.3889950967240905E-020  -7.0054770135674780E-025   0.0000000000000000        0.0000000000000000       -1.9744364640601613E-017  -2.4780894244606289E-016   2.4045172682749048E-014   2.5514674601704464E-014   3.8272011902556709E-014   1.8504882396151032      -0.22148186084452010       -1.2621774483536189E-029
