 # iloop
           2
 # kfix
           0           0           0           1           1           1           1           1           1           1           1           1           0           0           1
 # fac
   1.0000000000000000E-002
 # chi2
   132.35691273305071        1154.4311558938343     
 # a
8645.09845  0.29965 24.99125  0.00010  0.44000  0.72000  0.26000  0.00000  0.00000  1.30000  0.00000  0.00000  1.01904 -0.00258  0.00000
 # da
  -0.11416 -0.03483 -0.86397  0.00000 -0.00000  0.00000  0.00000 -0.00000 -0.00000  0.00000  0.00000  0.00000  1.87720 -0.23940  0.00000
 # s
   0.09367  0.00308  0.18222  0.00000  0.00000  0.00000  0.00000  0.00000  0.00000  0.00000  0.00000  0.00000  0.26106  0.62609  0.00000
 # b
   113.96903916402442       -19.047820961632297       0.54654119918152833        1.7981613358777832E-003  -1.9716681128205909E-008   0.0000000000000000        0.0000000000000000       -12.204554380580678        14.763762008097730        18.744356385238742        9.3023915756743207        13.953587363511614        8.0496330721228304E-002   1.7279646264558579E-002   2.5919469396838091E-002  -19.047820961632297        126834.48316207640       -853.46529881550316       -10.705184782321778        1.1738141097807913E-004   0.0000000000000000        0.0000000000000000       -104.01461018599296        13.235632839631810       -54171.661533193932       -22987.921789349282       -34481.882684023920       -576.59527071619937       -209.94298102701282       -314.91447154051923       0.54654119918152833       -853.46529881550316        35.930932223280692        8.7845788948429038E-002  -9.6322136094999332E-007   0.0000000000000000        0.0000000000000000        4.1330693791690605       -8.4099064830018175        1819.9960821588897        1338.2584346552878        2007.3876519829316        5.3037345388916526        2.3942191049692818        3.5913286574539223        1.7981613358777832E-003  -10.705184782321778        8.7845788948429038E-002   10000000272564224.       -1.0001953807372232E-008   0.0000000000000000        0.0000000000000000        1.0544155301993430E-002  -6.8829002092545008E-003   5.5181826789605619        2.7476116006124540        4.1214174009186806        4.9267755734012805E-002   1.8150369754257118E-002   2.7225554631385675E-002  -1.9716681128205909E-008   1.1738141097807913E-004  -9.6322136094999332E-007  -1.0001953807372232E-008   10000000272564224.        0.0000000000000000        0.0000000000000000       -1.1561573686835028E-007   7.5470396318407487E-008  -6.0506388452148201E-005  -3.0127319897572023E-005  -4.5190979846358049E-005  -5.4021661478761565E-007  -1.9901721033781882E-007  -2.9852581550672828E-007   0.0000000000000000        0.0000000000000000        0.0000000000000000        0.0000000000000000        0.0000000000000000        10000000272564224.        0.0000000000000000        0.0000000000000000        0.0000000000000000        0.0000000000000000        0.0000000000000000        0.0000000000000000        0.0000000000000000        0.0000000000000000        0.0000000000000000        0.0000000000000000        0.0000000000000000        0.0000000000000000        0.0000000000000000        0.0000000000000000        0.0000000000000000        10000000272564224.        0.0000000000000000        0.0000000000000000        0.0000000000000000        0.0000000000000000        0.0000000000000000        0.0000000000000000        0.0000000000000000        0.0000000000000000       -12.204554380580678       -104.01461018599296        4.1330693791690605        1.0544155301993430E-002  -1.1561573686835028E-007   0.0000000000000000        0.0000000000000000        10000000272564228.       -5.8242391906008555        192.42401535478982        135.60203178873883        203.40304768310830       0.65626354210247917       0.29665786788204807       0.44498680182307204        14.763762008097730        13.235632839631810       -8.4099064830018175       -6.8829002092545008E-003   7.5470396318407487E-008   0.0000000000000000        0.0000000000000000       -5.8242391906008555        10000000272564238.       -1130.5410138891734       -1068.2501506314147       -1602.3752259471223       0.14085470845634482        5.1057959283818469E-002   7.6586938925727752E-002   18.744356385238742       -54171.661533193932        1819.9960821588897        5.5181826789605619       -6.0506388452148201E-005   0.0000000000000000        0.0000000000000000        192.42401535478982       -1130.5410138891734        10000000272770394.        181130.76957976638        271696.15436964942        0.0000000000000000        0.0000000000000000        0.0000000000000000        9.3023915756743207       -22987.921789349282        1338.2584346552878        2.7476116006124540       -3.0127319897572023E-005   0.0000000000000000        0.0000000000000000        135.60203178873883       -1068.2501506314147        181130.76957976638        10000000272730580.        249534.01309540481        0.0000000000000000        0.0000000000000000        0.0000000000000000        13.953587363511614       -34481.882684023920        2007.3876519829316        4.1214174009186806       -4.5190979846358049E-005   0.0000000000000000        0.0000000000000000        203.40304768310830       -1602.3752259471223        271696.15436964942        249534.01309540481        10000000272938526.        0.0000000000000000        0.0000000000000000        0.0000000000000000        8.0496330721228304E-002  -576.59527071619937        5.3037345388916526        4.9267755734012805E-002  -5.4021661478761565E-007   0.0000000000000000        0.0000000000000000       0.65626354210247917       0.14085470845634482        0.0000000000000000        0.0000000000000000        0.0000000000000000        346.39124943588530        141.21855944215275        211.82783916322913        1.7279646264558579E-002  -209.94298102701282        2.3942191049692818        1.8150369754257118E-002  -1.9901721033781882E-007   0.0000000000000000        0.0000000000000000       0.29665786788204807        5.1057959283818469E-002   0.0000000000000000        0.0000000000000000        0.0000000000000000        141.21855944215275        60.134098320986041        90.201147481479055        2.5919469396838091E-002  -314.91447154051923        3.5913286574539223        2.7225554631385675E-002  -2.9852581550672828E-007   0.0000000000000000        0.0000000000000000       0.44498680182307204        7.6586938925727752E-002   0.0000000000000000        0.0000000000000000        0.0000000000000000        211.82783916322913        90.201147481479055        10000000272564360.     
 # c
   8.7749886748047668E-003   4.8509627626241034E-007  -1.2243226289746642E-004   2.5295128448705203E-023  -2.7735886194927803E-028   0.0000000000000000        0.0000000000000000        1.0764914606650944E-017  -1.3058761667941196E-017   8.4623192781178302E-018   9.3368980478850874E-018   1.4005347071827509E-017  -2.3638229108468535E-005   5.9558558012880784E-005  -2.7328562919321472E-034   4.8509627626241034E-007   9.4689109537947205E-006   2.2381689028477393E-004   8.0877501746538166E-021  -8.8681470375626013E-026   0.0000000000000000        0.0000000000000000        6.0973697244081605E-021   1.7473324181692403E-019   1.0559168014475276E-017  -8.1858767127593210E-018  -1.2278815069138996E-017   5.8465477169592633E-005  -1.1315300831443561E-004   1.9550889106337961E-034  -1.2243226289746642E-004   2.2381689028477391E-004   3.3202980891025552E-002  -5.2390055732202172E-020   5.7445236005840397E-025   0.0000000000000000        0.0000000000000000       -1.1520364673555649E-017   2.7806516064802824E-017  -4.8302466077914322E-015  -3.9287944077412692E-015  -5.8931916116119051E-015   1.9854893019698224E-003  -5.2032417247908783E-003   7.9048209738008605E-033   2.5295128448705071E-023   8.0877501746538166E-021  -5.2390055732202100E-020   9.9999997274357837E-017   3.8313595253904049E-044   0.0000000000000000        0.0000000000000000        3.6136534943709536E-037   1.4027486093940919E-035  -1.8342165291874445E-033  -1.8729384923170272E-033  -2.8094077384755299E-033  -3.5202866046244769E-022   9.6576273199775747E-022  -3.6943911351240878E-051  -2.7735886194927660E-028  -8.8681470375626001E-026   5.7445236005840434E-025   3.8313595253888755E-044   9.9999997274357837E-017   0.0000000000000000        0.0000000000000000       -3.9623393204345342E-042  -1.5381015308593981E-040   2.0112023156375755E-038   2.0536606081417731E-038   3.0804909122126638E-038   3.8599633458027143E-027  -1.0589503540298611E-026   4.0508674344594250E-056   0.0000000000000000        0.0000000000000000        0.0000000000000000        0.0000000000000000        0.0000000000000000        9.9999997274357837E-017   0.0000000000000000        0.0000000000000000        0.0000000000000000        0.0000000000000000        0.0000000000000000        0.0000000000000000        0.0000000000000000        0.0000000000000000        0.0000000000000000        0.0000000000000000        0.0000000000000000        0.0000000000000000        0.0000000000000000        0.0000000000000000        0.0000000000000000        9.9999997274357837E-017   0.0000000000000000        0.0000000000000000        0.0000000000000000        0.0000000000000000        0.0000000000000000        0.0000000000000000        0.0000000000000000        0.0000000000000000        1.0764914606650942E-017   6.0973697244081755E-021  -1.1520364673555647E-017   3.6136534943711674E-037  -3.9623393204345342E-042   0.0000000000000000        0.0000000000000000        9.9999997274357812E-017   3.2652756978785580E-032   1.8531407623628107E-031   1.8970487409722080E-031   2.8455731114583155E-031   3.0318804476286680E-020  -8.7654105763757963E-020   5.2391640359283058E-049  -1.3058761667941199E-017   1.7473324181692400E-019   2.7806516064802824E-017   1.4027486093940887E-035  -1.5381015308594079E-040   0.0000000000000000        0.0000000000000000        3.2652756978785564E-032   9.9999997274357738E-017   7.2156714155432451E-030   7.3750937285308006E-030   1.1062640592796200E-029   1.4838769760590392E-018  -4.0629525528869245E-018   5.8777470193631121E-048   8.4623192781178333E-018   1.0559168014475277E-017  -4.8302466077914322E-015  -1.8342165291874373E-033   2.0112023156375737E-038   0.0000000000000000        0.0000000000000000        1.8531407623628126E-031   7.2156714155432451E-030   9.9999997273232428E-017  -1.1406303279551643E-027  -1.7109454919327449E-027  -4.4596761451292747E-017   3.3390766075987097E-016  -3.7905790620871352E-046   9.3368980478850905E-018  -8.1858767127593318E-018  -3.9287944077412700E-015  -1.8729384923170122E-033   2.0536606081417799E-038   0.0000000000000000        0.0000000000000000        1.8970487409722150E-031   7.3750937285307992E-030  -1.1406303279551643E-027   9.9999997273201219E-017  -1.7349181497693966E-027  -1.3128780608006305E-016   4.3615754641843272E-016  -6.0818078696410819E-046   1.4005347071827512E-017  -1.2278815069138995E-017  -5.8931916116119051E-015  -2.8094077384755199E-033   3.0804909122126805E-038   0.0000000000000000        0.0000000000000000        2.8455731114583094E-031   1.1062640592796201E-029  -1.7109454919327445E-027  -1.7349181497693966E-027   9.9999997271755446E-017  -1.9693170912009458E-016   6.5423631962764900E-016  -9.1227118044616201E-046  -2.3638229108468538E-005   5.8465477169592640E-005   1.9854893019698224E-003  -3.5202866046249283E-022   3.8599633458030816E-027   0.0000000000000000        0.0000000000000000        3.0318804476285765E-020   1.4838769760590394E-018  -4.4596761451292716E-017  -1.3128780608006298E-016  -1.9693170912009460E-016   6.8150394092972619E-002 -0.15991890822554544        2.1514313747344324E-031   5.9558558012880777E-005  -1.1315300831443564E-004  -5.2032417247908774E-003   9.6576273199786674E-022  -1.0589503540299460E-026   0.0000000000000000        0.0000000000000000       -8.7654105763756459E-020  -4.0629525528869245E-018   3.3390766075987082E-016   4.3615754641843247E-016   6.5423631962764910E-016 -0.15991890822554541       0.39199421787394989       -1.4999999591153723E-016  -2.8888949165808538E-034   3.8518598887744717E-034   6.1629758220391547E-033  -1.3363823550460978E-049   8.9722936434979712E-055   0.0000000000000000        0.0000000000000000        0.0000000000000000        5.4738221262688167E-048  -1.0509738482436128E-045  -7.0064923216240854E-046  -1.4012984643248171E-045   1.9721522630525295E-031  -1.4999999591153713E-016   9.9999997274357824E-017
 # d
  -12.672415507702155       -4709.6283577766935        7.9994607420018724       0.38549230039493881       -4.2268892187893210E-006   0.0000000000000000        0.0000000000000000        2.4047029870125440        2.8801184195716347        553.68259837342373       -100.23874640808108       -150.35811961212156        631.92600661103302        255.93996516319845        383.90994774479765     
 # da
 -0.11415851428292929       -3.4825305953308072E-002 -0.86397209878973902        6.4239885502082311E-020  -7.0438470279874137E-025   0.0000000000000000        0.0000000000000000       -2.0095176692719949E-017  -2.4916509215677832E-016   2.4170356764088576E-014   2.5647973275190468E-014   3.8471959912785772E-014   1.8771983159145549      -0.23939985170865516        6.3108872417680944E-030
