 # iloop
           1
 # kfix
           0           0           0           1           1           1           1           1           1           0           0           1           1           0           1
 # fac
   6.9517784226765730E-310
 # chi2
   19023.371932072823        192.99187448136323     
 # a
8645.09961  0.30000 25.00000  0.00010  0.44000  0.72000  0.26000  0.00000  0.00000  1.00000  0.00000  0.00000  2.10000  0.00000  0.00000
 # da
  -0.14627 -0.09331  1.17849 -0.00000  0.00000  0.00000  0.00000 -0.00000  0.00000  0.10471  0.19481 -0.00000 -0.00000  0.94961  0.00000
 # s
   0.11923  0.02122  1.15758  0.00000  0.00000  0.00000  0.00000  0.00000  0.00000  0.08845  0.08719  0.00000  0.00000  0.27568  0.00000
 # b
   70.352212607196918       -12.277266297268810       0.32818832583277580        1.1469106692873548E-003  -1.2575774763746196E-008   0.0000000000000000        0.0000000000000000       -7.3527782788899776        8.8909554798147035        14.572761503076572        7.2323753565570765        10.848563034835465       0.16703920963959273        3.5806091375041760E-002   5.3709137062562640E-002  -12.277266297268810        79278.639584600867       -527.64161552057044       -6.6818585040748548        7.3265991677172722E-005   0.0000000000000000        0.0000000000000000       -64.471223454763802        6.8618465185500384       -41627.432839590969       -17683.377701149431       -26525.066551724143       -1186.3201304134477       -432.32444959154492       -648.48667438731729       0.32818832583277580       -527.64161552057044        21.611780394445169        5.3938548109902229E-002  -5.9143144298683943E-007   0.0000000000000000        0.0000000000000000        2.4935524131922220       -4.9709235913451986        1399.3818942659545        1029.2129258940229        1543.8193888410342        10.906086211145563        4.9250699864930301        7.3876049797395442        1.1469106692873548E-003  -6.6818585040748548        5.3938548109902229E-002   10000000272564224.       -6.2316711044802974E-009   0.0000000000000000        0.0000000000000000        6.4939268013238516E-003  -3.9930856876068035E-003   4.2378064555722412        2.1122251711336770        3.1683377567005140       0.10126703573664174        3.7338729861177762E-002   5.6008094791766640E-002  -1.2575774763746196E-008   7.3265991677172722E-005  -5.9143144298683943E-007  -6.2316711044802974E-009   10000000272564224.        0.0000000000000000        0.0000000000000000       -7.1205337061209922E-008   4.3783833880353046E-008  -4.6467175609013212E-005  -2.3160363499798673E-005  -3.4740545249697995E-005  -1.1103841532902992E-006  -4.0941589373329882E-007  -6.1412384059994820E-007   0.0000000000000000        0.0000000000000000        0.0000000000000000        0.0000000000000000        0.0000000000000000        10000000272564224.        0.0000000000000000        0.0000000000000000        0.0000000000000000        0.0000000000000000        0.0000000000000000        0.0000000000000000        0.0000000000000000        0.0000000000000000        0.0000000000000000        0.0000000000000000        0.0000000000000000        0.0000000000000000        0.0000000000000000        0.0000000000000000        0.0000000000000000        10000000272564224.        0.0000000000000000        0.0000000000000000        0.0000000000000000        0.0000000000000000        0.0000000000000000        0.0000000000000000        0.0000000000000000        0.0000000000000000       -7.3527782788899776       -64.471223454763802        2.4935524131922220        6.4939268013238516E-003  -7.1205337061209922E-008   0.0000000000000000        0.0000000000000000        10000000272564226.       -3.4613449983875730        148.22854556557067        104.48889256815390        156.73333885223079        1.3521977443866704       0.61151088913163942       0.91726633369745914        8.8909554798147035        6.8618465185500384       -4.9709235913451986       -3.9930856876068035E-003   4.3783833880353046E-008   0.0000000000000000        0.0000000000000000       -3.4613449983875730        10000000272564232.       -870.49647876209622       -822.55357360627613       -1233.8303604094142       0.29105597470087652       0.10566089258461175       0.15849133887691752        14.572761503076572       -41627.432839590969        1399.3818942659545        4.2378064555722412       -4.6467175609013212E-005   0.0000000000000000        0.0000000000000000        148.22854556557067       -870.49647876209622        206165.64140772531        181133.55284188210        271700.32926282322        0.0000000000000000        0.0000000000000000        0.0000000000000000        7.2323753565570765       -17683.377701149431        1029.2129258940229        2.1122251711336770       -2.3160363499798673E-005   0.0000000000000000        0.0000000000000000        104.48889256815390       -822.55357360627613        181133.55284188210        166356.00873026982        249534.01309540481        0.0000000000000000        0.0000000000000000        0.0000000000000000        10.848563034835465       -26525.066551724143        1543.8193888410342        3.1683377567005140       -3.4740545249697995E-005   0.0000000000000000        0.0000000000000000        156.73333885223079       -1233.8303604094142        271700.32926282322        249534.01309540481        10000000272938526.        0.0000000000000000        0.0000000000000000        0.0000000000000000       0.16703920963959273       -1186.3201304134477        10.906086211145563       0.10126703573664174       -1.1103841532902992E-006   0.0000000000000000        0.0000000000000000        1.3521977443866704       0.29105597470087652        0.0000000000000000        0.0000000000000000        0.0000000000000000        10000000272564570.        141.16656081027577        211.74984121541371        3.5806091375041760E-002  -432.32444959154492        4.9250699864930301        3.7338729861177762E-002  -4.0941589373329882E-007   0.0000000000000000        0.0000000000000000       0.61151088913163942       0.10566089258461175        0.0000000000000000        0.0000000000000000        0.0000000000000000        141.16656081027577        60.134098320986041        90.201147481479055        5.3709137062562640E-002  -648.48667438731729        7.3876049797395442        5.6008094791766640E-002  -6.1412384059994820E-007   0.0000000000000000        0.0000000000000000       0.91726633369745914       0.15849133887691752        0.0000000000000000        0.0000000000000000        0.0000000000000000        211.74984121541371        90.201147481479055        10000000272564360.     
 # c
   1.4215752551576992E-002  -1.1774867857535786E-005   4.3646358625734860E-004   3.8866778303980947E-024  -4.2617081071247971E-029   0.0000000000000000        0.0000000000000000        1.0508503794293315E-017  -1.2653702574627840E-017  -5.3715895015137256E-005   5.3917522533998356E-005   9.2433648564150487E-032  -2.9120151383231320E-019  -1.2886511522727627E-004   1.9165835914012893E-034  -1.1774867857535789E-005   4.5017956369468792E-004  -2.3023041476080197E-002   8.2928705314701353E-021  -9.0930597073856270E-026   0.0000000000000000        0.0000000000000000       -2.1284635249629174E-020  -7.7782985176722134E-019   1.8440899365055358E-003  -1.8176089458270216E-003   3.6693667621245593E-030   6.2078074825946959E-018   5.1221212735436516E-003  -7.9523120975212761E-033   4.3646358625734882E-004  -2.3023041476080201E-002   1.3400025654925454       -5.6749947652368090E-020   6.2225819206469987E-025   0.0000000000000000        0.0000000000000000       -1.0784759334234269E-017   5.0880982595061766E-017  -9.9377627770963151E-002   9.7467753998518411E-002  -1.9172366129249848E-028  -3.0681930748827181E-016 -0.27526887808142098        4.2272609203780129E-031   3.8866778303979257E-024   8.2928705314701307E-021  -5.6749947652367946E-020   9.9999997274357837E-017   2.0026968004920500E-045   0.0000000000000000        0.0000000000000000        2.0062462172950356E-038   8.2905572714469309E-037   8.4566988575804430E-022  -9.5787335918163384E-022   1.7968748253738381E-047   2.3075820259820478E-036   2.1757227947215847E-021  -3.3229522878184425E-050  -4.2617081071242971E-029  -9.0930597073856167E-026   6.2225819206469399E-025   2.0026968004923686E-045   9.9999997274357837E-017   0.0000000000000000        0.0000000000000000       -2.1998313578339618E-043  -9.0905232380908705E-042  -9.2726960281705211E-027   1.0502997260229423E-026  -1.7358515552013911E-052  -2.5302434256390008E-041  -2.3856609365875959E-026   1.2090648850036769E-054   0.0000000000000000        0.0000000000000000        0.0000000000000000        0.0000000000000000        0.0000000000000000        9.9999997274357837E-017   0.0000000000000000        0.0000000000000000        0.0000000000000000        0.0000000000000000        0.0000000000000000        0.0000000000000000        0.0000000000000000        0.0000000000000000        0.0000000000000000        0.0000000000000000        0.0000000000000000        0.0000000000000000        0.0000000000000000        0.0000000000000000        0.0000000000000000        9.9999997274357837E-017   0.0000000000000000        0.0000000000000000        0.0000000000000000        0.0000000000000000        0.0000000000000000        0.0000000000000000        0.0000000000000000        0.0000000000000000        1.0508503794293317E-017  -2.1284635249629325E-020  -1.0784759334234262E-017   2.0062462172945011E-038  -2.1998313578331461E-043   0.0000000000000000        0.0000000000000000        9.9999997274357824E-017   2.0302337412677608E-032  -1.1028993837596446E-019   1.2128054516306236E-019  -3.9029281918129630E-047  -3.2577017799195917E-034  -2.9290419072926488E-019  -2.0274046411009006E-048  -1.2653702574627840E-017  -7.7782985176721941E-019   5.0880982595061643E-017   8.2905572714470512E-037  -9.0905232380906462E-042   0.0000000000000000        0.0000000000000000        2.0302337412677611E-032   9.9999997274357812E-017  -3.8038082187154813E-018   4.2392345776267756E-018  -1.2738387458874795E-044  -1.0323081238138039E-032  -9.9274835544487760E-018   1.5759291572236389E-047  -5.3715895015137263E-005   1.8440899365055356E-003  -9.9377627770963123E-002   8.4566988575806838E-022  -9.2726960281713017E-027   0.0000000000000000        0.0000000000000000       -1.1028993837596355E-019  -3.8038082187154890E-018   7.8238269185954452E-003  -7.7079674486662374E-003   1.5518923894791917E-029   2.5097108640413003E-017   2.1396992687057772E-002  -3.3075077981196361E-032   5.3917522533998369E-005  -1.8176089458270218E-003   9.7467753998518397E-002  -9.5787335918163836E-022   1.0502997260229504E-026   0.0000000000000000        0.0000000000000000        1.2128054516306109E-019   4.2392345776267849E-018  -7.7079674486662366E-003   7.6024581924792412E-003  -1.4999999591155209E-016  -2.4768380642669217E-017  -2.1050190538573346E-002   3.2552512794627959E-032   1.9721522630525295E-031   6.3108872417680944E-030   0.0000000000000000        1.3684555315672042E-047  -1.2528584578557167E-052   0.0000000000000000        0.0000000000000000        7.0064923216240854E-046  -2.2420775429197073E-044  -2.5243548967072378E-029  -1.4999999591155922E-016   9.9999997274357824E-017   0.0000000000000000        0.0000000000000000       -1.5930919111324523E-058  -2.9120151383231325E-019   6.2078074825946966E-018  -3.0681930748827181E-016   2.3075820259820478E-036  -2.5302434256390987E-041   0.0000000000000000        0.0000000000000000       -3.2577017799195019E-034  -1.0323081238138067E-032   2.5097108640413009E-017  -2.4768380642669213E-017   5.0331087081870486E-044   9.9999997274357775E-017  -1.6499377276498331E-016  -4.2415261915087334E-046  -1.2886511522727630E-004   5.1221212735436516E-003 -0.27526887808142098        2.1757227947215433E-021  -2.3856609365876357E-026   0.0000000000000000        0.0000000000000000       -2.9290419072926454E-019  -9.9274835544488006E-018   2.1396992687057772E-002  -2.1050190538573342E-002   4.2082714743997848E-029  -1.6499377276498336E-016   7.5999166724705414E-002  -1.4999999591153681E-016   1.9259299443872359E-034  -6.1629758220391547E-033   3.9443045261050590E-031   1.6036588260553174E-050   3.2626522339992623E-055   0.0000000000000000        0.0000000000000000       -1.7105694144590052E-048   2.1895288505075267E-047  -2.4651903288156619E-032   0.0000000000000000       -7.9654595556622614E-059  -1.7516230804060213E-046  -1.4999999591153683E-016   9.9999997274357824E-017
 # d
  -5.7894549183199064       -16231.702862018794        426.36203245491407        1.5775397598264118       -1.7297584922423265E-005   0.0000000000000000        0.0000000000000000        46.396126037652778       -258.89036492399759        62405.488469736541        54236.200228417889        81354.300342626811        257.32800243866603        103.24302247102254        154.86453370653382     
 # da
 -0.14627334351674068       -9.3309670754917140E-002   1.1784853534920181       -1.8249814804162435E-021   2.0010761658502515E-026   0.0000000000000000        0.0000000000000000       -9.0939263718214065E-018   1.9966463043298418E-017  0.10470858301511976       0.19481158639843965       -3.7331890055069466E-027  -2.4888354295999028E-017  0.94961239375770734        3.1554436208840472E-030
