 # iloop
           2
 # kfix
           0           0           0           1           1           1           1           1           1           0           0           1           1           0           1
 # fac
   1.0000000000000000E-002
 # chi2
   18644.714535925981        189.14277802274989     
 # a
8645.09815  0.29907 25.01178  0.00010  0.44000  0.72000  0.26000  0.00000  0.00000  1.00105  0.00195  0.00000  2.10000  0.00950  0.00000
 # da
  -0.14341 -0.09141  1.15878 -0.00000  0.00000  0.00000  0.00000 -0.00000  0.00000  0.10474  0.19177 -0.00000 -0.00000  0.94501  0.00000
 # s
   0.11868  0.02106  1.15344  0.00000  0.00000  0.00000  0.00000  0.00000  0.00000  0.08808  0.08682  0.00000  0.00000  0.27512  0.00000
 # b
   71.010322380886720       -12.088963891118862       0.32693757504848991        1.1337278938535510E-003  -1.2431226788863831E-008   0.0000000000000000        0.0000000000000000       -7.4024187590236634        8.9557322352016886        14.431625537829834        7.1561575168824163        10.734236275323381       0.16629579023443686        3.5685778501589382E-002   5.3528667752384962E-002  -12.088963891118862        80205.669224212586       -531.17122459509972       -6.7764851294706245        7.4303564314255247E-005   0.0000000000000000        0.0000000000000000       -64.840405771948809        6.9243942516899279       -41882.651367278653       -17744.848763971633       -26617.273145957439       -1193.4816573601438       -433.86601171929351       -650.79901757894015       0.32693757504848991       -531.17122459509972        21.737414713097948        5.4406647976481814E-002  -5.9656411691400974E-007   0.0000000000000000        0.0000000000000000        2.5048932987164343       -5.0013436397961746        1403.9139936192319        1031.7630708524866        1547.6446062787297        10.959008760792855        4.9413711201452175        7.4120566802178267        1.1337278938535510E-003  -6.7764851294706245        5.4406647976481814E-002   10000000272564224.       -6.3347557141307529E-009   0.0000000000000000        0.0000000000000000        6.5438978638716972E-003  -4.0199787157110967E-003   4.2703804865742017        2.1227604829440905        3.1841407244161362       0.10213684749910916        3.7567512101430396E-002   5.6351268152145591E-002  -1.2431226788863831E-008   7.4303564314255247E-005  -5.9656411691400974E-007  -6.3347557141307529E-009   10000000272564224.        0.0000000000000000        0.0000000000000000       -7.1753265373444798E-008   4.4078713571693570E-008  -4.6824346998204724E-005  -2.3275882268558514E-005  -3.4913823402837771E-005  -1.1199215628763870E-006  -4.1192447090535536E-007  -6.1788670635803299E-007   0.0000000000000000        0.0000000000000000        0.0000000000000000        0.0000000000000000        0.0000000000000000        10000000272564224.        0.0000000000000000        0.0000000000000000        0.0000000000000000        0.0000000000000000        0.0000000000000000        0.0000000000000000        0.0000000000000000        0.0000000000000000        0.0000000000000000        0.0000000000000000        0.0000000000000000        0.0000000000000000        0.0000000000000000        0.0000000000000000        0.0000000000000000        10000000272564224.        0.0000000000000000        0.0000000000000000        0.0000000000000000        0.0000000000000000        0.0000000000000000        0.0000000000000000        0.0000000000000000        0.0000000000000000       -7.4024187590236634       -64.840405771948809        2.5048932987164343        6.5438978638716972E-003  -7.1753265373444798E-008   0.0000000000000000        0.0000000000000000        10000000272564226.       -3.4807686333669596        148.50617650510787        104.58363976815417        156.87545965223143        1.3568134891528481       0.61261040018776847       0.91891560028165253        8.9557322352016886        6.9243942516899279       -5.0013436397961746       -4.0199787157110967E-003   4.4078713571693570E-008   0.0000000000000000        0.0000000000000000       -3.4807686333669596        10000000272564232.       -873.58004456848244       -825.34142013419694       -1238.0121302012951       0.29076171746989554       0.10517337987356692       0.15776006981035040        14.431625537829834       -41882.651367278653        1403.9139936192319        4.2703804865742017       -4.6824346998204724E-005   0.0000000000000000        0.0000000000000000        148.50617650510787       -873.58004456848244        206276.49993423279        181162.20042022027        271743.30063033040        0.0000000000000000        0.0000000000000000        0.0000000000000000        7.1561575168824163       -17744.848763971633        1031.7630708524866        2.1227604829440905       -2.3275882268558514E-005   0.0000000000000000        0.0000000000000000        104.58363976815417       -825.34142013419694        181162.20042022027        166356.00873026982        249534.01309540481        0.0000000000000000        0.0000000000000000        0.0000000000000000        10.734236275323381       -26617.273145957439        1547.6446062787297        3.1841407244161362       -3.4913823402837771E-005   0.0000000000000000        0.0000000000000000        156.87545965223143       -1238.0121302012951        271743.30063033040        249534.01309540481        10000000272938526.        0.0000000000000000        0.0000000000000000        0.0000000000000000       0.16629579023443686       -1193.4816573601438        10.959008760792855       0.10213684749910916       -1.1199215628763870E-006   0.0000000000000000        0.0000000000000000        1.3568134891528481       0.29076171746989554        0.0000000000000000        0.0000000000000000        0.0000000000000000        10000000272564572.        141.38665799171423        212.07998698757132        3.5685778501589382E-002  -433.86601171929351        4.9413711201452175        3.7567512101430396E-002  -4.1192447090535536E-007   0.0000000000000000        0.0000000000000000       0.61261040018776847       0.10517337987356692        0.0000000000000000        0.0000000000000000        0.0000000000000000        141.38665799171423        60.134098320986041        90.201147481479055        5.3528667752384962E-002  -650.79901757894015        7.4120566802178267        5.6351268152145591E-002  -6.1788670635803299E-007   0.0000000000000000        0.0000000000000000       0.91891560028165253       0.15776006981035040        0.0000000000000000        0.0000000000000000        0.0000000000000000        212.07998698757132        90.201147481479055        10000000272564360.     
 # c
   1.4083970384595412E-002  -1.1615362443286851E-005   4.3118852502688128E-004   3.8251011073871964E-024  -4.1941897711113543E-029   0.0000000000000000        0.0000000000000000        1.0480720642760995E-017  -1.2627535898345229E-017  -5.2989588076729231E-005   5.3186693319621409E-005   6.0870712511432010E-032  -2.8900875826664645E-019  -1.2759434604740156E-004  -1.1011315684758428E-033  -1.1615362443286838E-005   4.4339182619696128E-004  -2.2765967160107172E-002   8.3139778493239339E-021  -9.1162036960419382E-026   0.0000000000000000        0.0000000000000000       -2.1075615558986675E-020  -7.7480439445361277E-019   1.8224160422022977E-003  -1.7961227511925776E-003   9.1572972182716562E-030   6.1871593955182160E-018   5.0698049679576427E-003  -5.5953626008814550E-033   4.3118852502688074E-004  -2.2765967160107179E-002   1.3304268432413593       -5.6736547205440710E-020   6.2211125734109247E-025   0.0000000000000000        0.0000000000000000       -1.0776236518908983E-017   5.0871900548803424E-017  -9.8607744931831692E-002   9.6704225822155696E-002  -4.9049739640179026E-028  -3.0703371560509778E-016 -0.27358068054549539        2.8730870320542951E-031   3.8251011073870494E-024   8.3139778493239234E-021  -5.6736547205440565E-020   9.9999997274357837E-017   2.0095320549806180E-045   0.0000000000000000        0.0000000000000000        2.0142677884780684E-038   8.3309791762239348E-037   8.4381329396006104E-022  -9.5622749328869037E-022  -1.0703149555067718E-047   2.3235610982165474E-036   2.1744319151395588E-021  -2.7900296675881756E-050  -4.1941897711117405E-029  -9.1162036960419233E-026   6.2211125734108071E-025   2.0095320549866717E-045   9.9999997274357837E-017   0.0000000000000000        0.0000000000000000       -2.2086269401871796E-043  -9.1348455016774398E-042  -9.2523386621628241E-027   1.0484950485264070E-026   9.6188647925123366E-053  -2.5477643380130941E-041  -2.3842454984643742E-026  -2.4863931059107555E-056   0.0000000000000000        0.0000000000000000        0.0000000000000000        0.0000000000000000        0.0000000000000000        9.9999997274357837E-017   0.0000000000000000        0.0000000000000000        0.0000000000000000        0.0000000000000000        0.0000000000000000        0.0000000000000000        0.0000000000000000        0.0000000000000000        0.0000000000000000        0.0000000000000000        0.0000000000000000        0.0000000000000000        0.0000000000000000        0.0000000000000000        0.0000000000000000        9.9999997274357837E-017   0.0000000000000000        0.0000000000000000        0.0000000000000000        0.0000000000000000        0.0000000000000000        0.0000000000000000        0.0000000000000000        0.0000000000000000        1.0480720642760995E-017  -2.1075615558986820E-020  -1.0776236518908951E-017   2.0142677884775338E-038  -2.2086269401871796E-043   0.0000000000000000        0.0000000000000000        9.9999997274357824E-017   2.0430781097092244E-032  -1.0963285191213490E-019   1.2065991926991239E-019  -2.4858228983480013E-045  -3.2651823597935673E-034  -2.9150949066467815E-019   5.7009064616499597E-049  -1.2627535898345228E-017  -7.7480439445363463E-019   5.0871900548804576E-017   8.3309791762236274E-037  -9.1348455016768077E-042   0.0000000000000000        0.0000000000000000        2.0430781097092250E-032   9.9999997274357812E-017  -3.8015307210854461E-018   4.2383899748900774E-018  -2.7033906814414897E-044  -1.0411424785591204E-032  -9.9378715840158860E-018   1.0589966030424241E-047  -5.2989588076729183E-005   1.8224160422022984E-003  -9.8607744931831692E-002   8.4381329396003095E-022  -9.2523386621636965E-027   0.0000000000000000        0.0000000000000000       -1.0963285191213393E-019  -3.8015307210853537E-018   7.7586914479985513E-003  -7.6432640986603701E-003   3.8990093821581684E-029   2.5098423001248380E-017   2.1251565577746153E-002  -2.2997429805072682E-032   5.3186693319621355E-005  -1.7961227511925784E-003   9.6704225822155696E-002  -9.5622749328874849E-022   1.0484950485265192E-026   0.0000000000000000        0.0000000000000000        1.2065991926991058E-019   4.2383899748899858E-018  -7.6432640986603718E-003   7.5381851000466222E-003  -1.4999999591157522E-016  -2.4768009549039406E-017  -2.0905443274296869E-002   2.2665544353417091E-032   0.0000000000000000        1.8932661725304283E-029  -4.0389678347315804E-028  -8.2107331894032250E-048   0.0000000000000000        0.0000000000000000        0.0000000000000000       -3.1529215447308384E-045  -2.2420775429197073E-044   5.0487097934144756E-029  -1.4999999591158446E-016   9.9999997274357824E-017   8.9683101716788293E-044   2.0194839173657902E-028  -1.5930919111324523E-058  -2.8900875826664616E-019   6.1871593955182106E-018  -3.0703371560509734E-016   2.3235610982164405E-036  -2.5477643380132573E-041   0.0000000000000000        0.0000000000000000       -3.2651823597935134E-034  -1.0411424785590895E-032   2.5098423001248355E-017  -2.4768009549039375E-017   1.2644090171460272E-043   9.9999997274357763E-017  -1.6524883006060768E-016   2.3747702699247121E-046  -1.2759434604740140E-004   5.0698049679576418E-003 -0.27358068054549528        2.1744319151395170E-021  -2.3842454984645886E-026   0.0000000000000000        0.0000000000000000       -2.9150949066467636E-019  -9.9378715840156302E-018   2.1251565577746150E-002  -2.0905443274296862E-002   1.0637504673209277E-028  -1.6524883006060763E-016   7.5688908887070264E-002  -1.4999999591153681E-016  -1.1555579666323415E-033   0.0000000000000000        7.8886090522101181E-031  -6.9491882462397087E-050  -1.3458440465246957E-054   0.0000000000000000        0.0000000000000000       -3.4211388289180104E-049   0.0000000000000000       -4.9303806576313238E-032   0.0000000000000000       -3.1861838222649046E-058   5.2548692412180640E-046  -1.4999999591153683E-016   9.9999997274357824E-017
 # d
  -5.7822332582759159       -16145.411879488924        423.27549464248176        1.5721908715754522       -1.7238934832506225E-005   0.0000000000000000        0.0000000000000000        45.992924075248240       -257.18488276442810        61800.363463481284        53693.779497384159        80540.669246076242        255.19946652952277        102.20977756046142        153.31466634069216     
 # da
 -0.14341306432580028       -9.1414030860877293E-002   1.1587837160639758       -1.9777718515816961E-021   2.1686094659204486E-026   0.0000000000000000        0.0000000000000000       -8.8101548734203421E-018   2.0341536256980207E-017  0.10473889349830756       0.19177160604992727       -4.3654007277750278E-028  -1.8893216433954287E-017  0.94501249008710453        0.0000000000000000     
